-0.017695072979984083
0.07298895135405833
-1.2636265527308834
0.045690972955063566
0.044325015244765426
-1.3942544694769543
0.047095211034661244
0.0669565039330051
-1.2723479654466225
-0.033609055245289954
0.08572353630024149
-1.2516546501911754
0.017758127025680973
0.012524616898596295
-0.029719520415575178
0.011466808898142803
0.010054985722390303
-0.012810954348063439
0.004989216001834868
0.007003630447450859
-0.004510699240307069
0.00568282586370049
0.029820650148806332
-0.2989450799588152
-0.003418540183185866
0.03279040878318747
-0.30389078347342285
-0.011852771303912341
0.02679575658439842
-0.25442900214088165
-0.008757824220809318
0.020952119229920387
-0.1991663585280912
-0.006381253836524598
0.016414531530377603
-0.1491560328557996
-0.0046304549409582375
0.012698556722635024
-0.10491863196894485
-0.0033991810655835896
0.009553261075924703
-0.06702790147163729
-0.0025654837762504336
0.006819255262567338
-0.03622079734723848
-0.0019528715874072467
0.004393050449450975
-0.013604737350597326
-0.0012347539330987095
0.002257967584204593
-0.0008964770565886912
0.031251227880694746
0.030693750119945292
-0.30027000199815945
0.020947537220316934
0.03526788255192734
-0.30515238114856913
0.01338892445850313
0.027734312368934158
-0.25510614601705534
0.014496828916695851
0.020748519653355304
-0.19994162186373401
0.014490203336661983
0.015361148586401072
-0.14992802102848607
0.013549871723418159
0.010918857639584483
-0.10565532803515353
0.011795091692788048
0.007104593357738735
-0.06771735631456227
0.000998967684917601
0.0062099205855411736
-0.04168292317197102
0.005700885750695045
0.009151367423254694
-0.06565718319694146
0.0010029415555803424
0.008896728342051387
-0.07092660670778426
0.006484857103662784
0.012120557261648589
-0.10017081548134775
0.0007321044928162662
0.011967299026235726
-0.10690697702765967
0.006968268819702129
0.01566828816778453
-0.14155333296625164
0.00016995892560650187
0.01559698143010928
-0.14912468598428602
0.007116906385569921
0.019869074961598544
-0.1892080768994038
-0.0006691579698268301
0.02001825590381133
-0.19686171986805015
0.006796647996950038
0.024676192361932553
-0.24216774592201318
-0.0017770780049229217
0.025614862810919962
-0.24899381549458116
0.0051055152795852566
0.003136067528716931
-0.0060156924243976095
0.004572648796111397
0.001073659491537021
-0.006126378013594693
0.010411560514554592
0.00620035048569828
-0.01872543884886066
0.008801569226169344
0.0032050301879288715
-0.02034313008051975
0.015187965535918502
0.009265855187136483
-0.03885738817540708
0.019218291243017785
0.005915012965803396
-0.025063167092878542
0.013040393611913883
0.009091702955364933
-0.02738268636125407
0.030790011122437712
-0.028287168088273657
-0.10645494628742339
0.028268944668661006
-0.014102624686324398
-0.05670750944357112
0.029961413679709722
-0.006898547846265391
-0.05882447741089095
0.02104405270080285
0.0014794797010406373
-0.047989186925876504
0.02076363991096096
0.01373803750741711
-0.04145626253805027
0.03797809503942512
-0.027990705996536577
-0.14891710238024325
0.035380043468158325
-0.013750051419699186
-0.09249221783636621
0.04054235257680733
-0.020477469952447046
-0.13887198750652816
0.03124408251868768
0.0011186419672865391
-0.06798217663012071
0.03678211374704169
-0.005563439976923322
-0.09639962375569892
0.025586718691997787
0.0036490064007393195
-0.0835828803225982
0.020614203192009337
0.014123214668725773
-0.08692600586031565
0.04478236882666164
-0.02619948796935309
-0.19782992081850212
0.04711446854710724
-0.018181356750686356
-0.189333865798955
0.03586732709285787
-0.013777956021153216
-0.22078991895645467
0.0375552238434603
0.003231251909266824
-0.10827886050277809
0.04319998596502947
-0.00326779782144288
-0.14291243264856773
0.02972144894052479
0.006530488329006402
-0.1282228602921118
0.023774113392096362
0.01729128028802408
-0.12916331288821573
0.05125230419707058
-0.02320799173669899
-0.2539183074289578
0.05335857539511653
-0.014765766741372987
-0.24801763953557987
0.040398092383122995
-0.009884447632234379
-0.2805670297857205
0.0434600841326698
0.0059399709821941525
-0.15755759097257208
0.04928058957866339
-0.0001934706188179618
-0.19852667257485165
0.03345834805846425
0.009981672672144342
-0.1818903135565861
0.026486437350140203
0.020774942073124594
-0.17926689205927268
0.057435707097549964
-0.01904189121925668
-0.31787728780809366
0.05924071505391207
-0.010110794864453862
-0.3156171006327816
0.04450535044527535
-0.004911219375761619
-0.3485054012211556
0.04909224056325561
0.009028567995678742
-0.21602589754956675
0.055155028040828294
0.003571277701735933
-0.26386189205718724
0.03688256641180704
0.013820397101389362
-0.24503828211669185
0.028728590239497316
0.024197762199334432
-0.23702260663332203
0.06336032495484574
-0.013311705839175158
-0.3902936011201075
0.06492407933097882
-0.0035781706239602275
-0.39282326637966974
0.04806762494364117
0.0017492445871724886
-0.42475169824367315
0.05473760538956451
0.012252807887606037
-0.284430103125211
0.0612588384533375
0.007962252219108379
-0.33972423818825614
0.04007069127681778
0.017875905439264962
-0.3185194049402543
0.030878713352734573
0.026500438939354914
-0.3022724836358603
-0.0011664419763583245
0.0004954055141718859
-0.0018732374016891644
-0.0008872797429769209
0.0006878326104811679
-0.0026252434813075843
0.002067263054998309
0.003114838384105731
-0.0030191342588102017
-0.0017152884324897516
0.000922704134528854
-0.0019202204583970862
0.00012469447767184672
0.0006766512747270942
-0.0013567277050661822
-0.0032715992432014057
0.0015335293073483643
-0.0058134630582409716
-0.0018546028133345428
0.003164976353328093
0.00040516084174834085
-0.0006002731934633863
0.0013005947672114695
0.0009011767787051731
-0.0002145507681367731
0.0017551065764482587
-0.004041661949346528
-0.0030848340466639187
0.003746389384251996
-0.0009514872582871103
0.0023095037215305004
0.003328457233642363
-0.010845298515395884
-0.00199567777298434
0.0015172540031542074
-0.01322504726065151
0.004483193499605222
0.005187710198251214
-0.013698771525140947
0.0006044075375431037
0.002622477629602056
-0.01138324087126359
-0.005858079483400676
0.00331487800030456
-0.019735905238261648
-0.0032098284929957073
0.004033443943088927
-0.01950776479564011
-0.007465204436113707
0.006521421503389755
-0.00605768600877821
-0.008519280102642756
0.00574020740579819
-0.017834430162882667
-0.0004853511593665058
0.0039850306400541725
-0.017730554542072594
-0.005939324715460458
0.006074262624213775
-0.013545470122612265
-0.0035338288795134063
0.0026042588896450576
-0.03145604270054065
0.006476072332157762
0.007212971920399264
-0.03202982652659818
-0.008862647614913115
0.005374791350408137
-0.02963973188571381
0.0009082077344052545
0.00496398715581291
-0.029717172813999475
0.03199076306394274
0.0010618441111921197
-0.13922037000913257
0.03818784952536842
-0.01195148379445744
-0.24970102594130025
0.031638287623421434
0.008194945133146135
-0.15391239262253018
0.03028000555187161
0.01575233683036606
-0.17692632260904395
0.04334372376899167
-0.0003939622472142432
-0.3113148108270444
0.03967969419323741
0.008881098098551084
-0.25985849483219525
0.03326961785496828
0.019235567839946125
-0.23752103639311745
0.04637050389616746
0.006009123491578539
-0.3884585029395844
0.04292263819325082
0.013779907027722565
-0.33560590200367785
0.036225047798913605
0.022275276564231075
-0.3075535727263686
0.0006027348306950358
0.0017554613496868826
-0.002706256126487232
-0.0007040952017670617
0.0008271820197274974
-0.0014347180938593372
-6.969733733786498e-5
0.000790679822465499
-0.0009282023487502264
0.0033458771535275107
0.004190090999988131
-0.0074252524177653
-0.004633391466127709
0.002425752897986221
-0.01183149756137554
-0.0019235339220389782
0.003572912639197531
-0.01970312508168758
-0.004478269094865317
0.0048704673503696195
-0.017685640312473175
-0.0005272661376762894
0.004274848355820964
-0.027208998938563426
0.0023969619437106218
0.005007929680332093
-0.02963516166104782
-0.0006172772443405911
0.005182702227077108
-0.027893685306690966
-0.004455877028808165
0.0034111932200122323
-0.043522098074175425
0.00131806240903357
0.006939145295063729
-0.05780698568374675
-0.003784734824686265
0.008017190058348563
-0.06930910525783052
-0.009685836907601827
0.00954770447496885
-0.05052839213924036
0.008778804242479097
0.010950928203584093
-0.07432028346195736
0.00350373250310515
0.010295235777740054
-0.08633096465690049
-0.018165218228638057
0.01143662707562051
-0.08735022855006129
