-0.5615820544996679
0.30659797054612264
-4.117810072542806
-0.45845236347203944
0.23149823486063725
-4.580776353867122
-0.36176602183791934
0.2870106459160803
-4.184204697043038
-0.6360447714484135
0.3455696642276313
-4.029826485263123
0.057635807902796155
0.040779722501260746
-0.09929270964179131
0.037637765548714855
0.032522202167421875
-0.04235733216540299
0.016296649206179882
0.02239703255865856
-0.014661550824385042
-0.03632895166868612
0.10144336463544708
-0.9865612413797744
-0.06952516569546681
0.11058186956164054
-0.9885750700469924
-0.08727537624810054
0.08950360425353321
-0.8161314211479463
-0.0633032185793207
0.06931483324264619
-0.6391666444499807
-0.04416118480714302
0.053698396290728964
-0.47843925803192766
-0.029488232619109284
0.04102260993783773
-0.33594120102022074
-0.018846655584648327
0.03043041567317504
-0.21378524843674118
-0.011691233922791248
0.021388083235878843
-0.1145618581575771
-0.007233552265396617
0.013581970322610657
-0.04204352533432985
-0.004041927224452264
0.006971235333254053
-0.001926754013961675
0.046865410065793284
0.10180500016575479
-0.9969076021199249
0.008943944453899759
0.11583250910407898
-0.997873072319474
-0.005866886412429345
0.09044942651397643
-0.8237408715773369
0.011848640199873348
0.06684078122349445
-0.6463412093636246
0.02337848291501966
0.04876194922000216
-0.4847384592767951
0.02936223262823147
0.034015309941375846
-0.3412408506766533
0.030300855043898213
0.021521826479631596
-0.2180884506236445
-0.0011457936461610088
0.019304772070212504
-0.13566222972919711
0.012004606433783007
0.028877343669198516
-0.21750912099761724
-0.005344652399663377
0.028100511135179182
-0.23109334923969038
0.009204774191120048
0.038867479334991184
-0.3317697012332362
-0.012352705781809688
0.03836840219418976
-0.3485529364669619
0.003203992921418052
0.05105380418978567
-0.46869484995037564
-0.022395862902210725
0.050725365939768514
-0.486294308585092
-0.006202257409488036
0.06575052786530652
-0.6261107423051706
-0.03540683939937443
0.06598594558622684
-0.6417887641104653
-0.01923829173721366
0.08285413590942113
-0.8005326259198482
-0.051046045254712874
0.0854667963608272
-0.8111232600531695
0.01646942992388513
0.009573815978951666
-0.020140835623421758
0.01432305786628378
0.0028469700023317293
-0.019914847328431608
0.03289581932519439
0.019269401051753884
-0.06262611576091323
0.026759017648593845
0.009241506618360427
-0.06658356332703813
0.04661109557235957
0.029088670975079122
-0.12978159018834756
0.06355538439907968
0.0199071931140402
-0.08300451805159327
0.04247237450292856
0.029530554145820054
-0.09116283414239032
0.08061265007494355
-0.08391615893669696
-0.35862174897835397
0.08699390819631979
-0.04375048269596119
-0.18942619808525105
0.09484881840304961
-0.020964045117494702
-0.1967095422756258
0.06835060610269009
0.0056124632949776454
-0.1597755822915886
0.0666460034369564
0.044826027552638384
-0.1389108901599468
0.09338494475347817
-0.08005056250187227
-0.5020443790451685
0.10490894259133153
-0.04164954666388196
-0.31102798451728214
0.10832202159882753
-0.05977949344779648
-0.4682434788278451
0.0995515384321938
0.004970164010426594
-0.22837111463115137
0.11198868479022017
-0.01601893339809419
-0.32472291963049726
0.07904419092302362
0.012997701279423714
-0.280397678628714
0.060882547112000515
0.04642041498274641
-0.29154701493157115
0.10170674962781591
-0.07151853576031013
-0.6676229141333181
0.11710564076064787
-0.0503608954008365
-0.6397294027007526
0.0652606615906872
-0.030705657948559874
-0.7412150400091896
0.11434813448342948
0.012347573690184578
-0.3656537799306988
0.12430511748148984
-0.007634194331223292
-0.48329341752610666
0.085094855753522
0.022981398329308615
-0.4317081513013579
0.06414490229730735
0.05726778577563756
-0.433649599364465
0.10516426304207177
-0.05909217189730117
-0.8576674833560964
0.12056023231934704
-0.03693894043352452
-0.8391308852535451
0.06043256584237684
-0.015357039146837764
-0.9427382794293099
0.12408543906553114
0.022002212329107103
-0.5334153490630199
0.13116496264738112
0.003795615312996735
-0.6727464111409032
0.08576113789772462
0.035273517240415456
-0.6133930411315698
0.06272158925230478
0.06947350006021556
-0.6019059112951927
0.10327503214276224
-0.04252734787729286
-1.0743243040006494
0.11761547878431627
-0.018682196818277708
-1.0684870417738719
0.04955527311710528
0.00404772539391875
-1.1715680886251782
0.12832867838556664
0.033461805413857314
-0.7322135465380795
0.131834002536399
0.01837281827854672
-0.8950514260336667
0.08028614234365188
0.049579546956346095
-0.8268513749489117
0.056124634248313494
0.08191773109722221
-0.7954195802477274
0.0954710764453695
-0.020052093177266854
-1.3192243052857324
0.10754763894718876
0.007201377402027038
-1.32952196582902
0.0318809804115091
0.03007580251990753
-1.4274558473273802
0.12673013377433281
0.04629672892551324
-0.9645923740685713
0.12617635998253068
0.036409410996980404
-1.1528831874848189
0.06748730183074075
0.06576356642381687
-1.0747458433968788
0.04524860042882875
0.09122620110171907
-1.013628404842921
-0.003976129514153724
0.0012785679301074277
-0.0063500163989533035
-0.0029200747431932634
0.0015812831369207453
-0.008901258268688273
0.006755878960809735
0.009584510611384465
-0.010358393321301217
-0.005738332518583642
0.002907594650311661
-0.006273642558284395
0.0002715920950466402
0.001984031517500306
-0.004385926235973715
-0.011196645519875011
0.004589445261458217
-0.019148789362733825
-0.005872221943526053
0.010188183829494829
0.00175095203628811
-0.0019431676596494715
0.00408591067678442
0.0033486801242781396
-0.001064696747972603
0.00536845153094779
-0.01260459298108244
-0.00996543685613463
0.011898941439224016
-0.002010925870535364
0.0068887548201653674
0.010066953205504683
-0.03617497611101313
-0.006915718186505414
0.003927145206080468
-0.043697318537310265
0.014312091811015075
0.01615705597327447
-0.04583655679115639
0.0009699578875705173
0.007916889210321059
-0.0369420013825325
-0.020900493171337887
0.010189961769525661
-0.06451528251399061
-0.012253283031081433
0.012575485487822438
-0.06313766139040135
-0.02431613897497227
0.021039514939197368
-0.017775581270630572
-0.02915866074167558
0.018508901843013813
-0.056396991256180834
-0.0031619672123932036
0.012296790262732058
-0.056531058203902106
-0.020099230233746445
0.019285625964335074
-0.041545935843024726
-0.013299364273138083
0.007389180076902745
-0.10361474266245642
0.019585038582651836
0.022750383940224432
-0.10675817894611328
-0.03182666804905341
0.017178086797423796
-0.09562935532305555
3.663111105278508e-5
0.015298643918222277
-0.09664734148481295
0.08829629787051164
0.005898999964190848
-0.46850786706111464
0.0635665858203938
-0.023470514534838924
-0.8386872432782391
0.08615467187838408
0.0288569763551984
-0.5186997977765848
0.07694436896476228
0.053711581533667306
-0.5959156479965824
0.06693193775754058
0.011877624111413255
-1.0480968771958992
0.08229951306536142
0.03496149515573842
-0.8769268005385654
0.07154604566653339
0.06649567976829962
-0.8001169142934678
0.04846482793422855
0.037237835642804286
-1.3073322309339614
0.06762124391287326
0.05459665189402666
-1.1325552146085283
0.06046462528952698
0.0786483757744986
-1.035798060133047
0.001972551767898243
0.005126738888676418
-0.009258635859433855
-0.0024247603965296613
0.00253365871749255
-0.004665749452730081
-0.00034459868938789085
0.0024271818879848858
-0.0027788505897668185
0.010840739401302524
0.012970229874410735
-0.025010703809938556
-0.01615385016448473
0.007370175629060279
-0.0387817010276427
-0.008000527276027309
0.010898272589100373
-0.06467381054308977
-0.016068421082042372
0.015418634877054074
-0.056143945550681515
-0.0038362354341211677
0.012958215944487858
-0.08993016345475063
0.005105131700607876
0.015347637725496667
-0.09753078882436127
-0.004690728961031223
0.016101799495051684
-0.08934848270601196
-0.017532487523862664
0.010085858552759855
-0.14337361132617304
-0.00014093908176383716
0.021893761090044116
-0.1915526693408115
-0.02039967416667462
0.02543947580079604
-0.2269908332398581
-0.03674721712295897
0.030743226646576225
-0.15981460817991083
0.022254647375034138
0.03522804192907046
-0.24762971825942884
0.0008177179983461577
0.032669247110835395
-0.28385754462520824
-0.07056163538166145
0.03771807871183476
-0.27969111758935583
