-0.4392533270766526
0.26548854860290155
-3.7109768113368453
-0.332445908393076
0.19544717429700778
-4.122646995604997
-0.2574122697462388
0.24796919655625088
-3.7659673262282802
-0.5049185818041332
0.30100402657799097
-3.641520153430791
0.05185390316005064
0.036691036869990666
-0.08879000607072177
0.03378564641306772
0.029283189317139392
-0.03789617253783233
0.014626908271366562
0.0201955635314174
-0.013143464288032257
-0.02539923971477069
0.09053982518355659
-0.886481106774614
-0.055122284696349604
0.09882674036320775
-0.8908975416250523
-0.07254334071196473
0.0800960221363902
-0.737609883248177
-0.052678135050097295
0.06211574526112129
-0.577623532365576
-0.03686037774376672
0.0482039796730183
-0.4324212744178906
-0.02476728961401125
0.036898893336115665
-0.3037484118697608
-0.016011868769742234
0.027433712664691922
-0.1934635457569713
-0.010119193033799967
0.019329836248559034
-0.10386194077402087
-0.006406029670506552
0.012302598183245703
-0.038309288641176414
-0.0036334306429202066
0.0063154971452291635
-0.0019220456883587663
0.04954774379869291
0.09138281684212636
-0.8950211980583156
0.015714932256937535
0.10414496047690053
-0.89861977100352
0.0009508375004521483
0.08141764487006897
-0.7437809763357233
0.015139073814392265
0.06029091183719095
-0.5834915139215645
0.024068535405885695
0.044096696753939124
-0.43760761121234826
0.028316324921105085
0.030864411408921644
-0.3081464310890485
0.02832481869107618
0.019627018119687877
-0.1970721861939791
-0.00046882874328619997
0.017461485263169343
-0.12220873439435387
0.011682487289423137
0.02606628241813034
-0.19514904620338813
-0.003705849467561633
0.025353449800471283
-0.20813863204600758
0.009882261059760094
0.034995067748441216
-0.2977456568557506
-0.009224294227462461
0.03453608434472041
-0.3139093573977123
0.0054965274203586795
0.045853319426261856
-0.42073899127186987
-0.017207500933043022
0.04555852472336754
-0.43797350719117895
-0.0016497736257656578
0.05891475643907276
-0.5622068747162947
-0.027601626227896543
0.059147443524081036
-0.5780864883994676
-0.011790995914954252
0.07408239964915314
-0.7190535063396992
-0.040146780945294336
0.07648181147887921
-0.7307613662458082
0.014829027994125561
0.00870191153012288
-0.01802853235714776
0.012972589516857326
0.002654497351184521
-0.017946003038375517
0.029721670687886406
0.017472486788790726
-0.05608338966917963
0.024341693605157262
0.008491662639694714
-0.05993526534330501
0.04231590107946646
0.026340910544115453
-0.11627803104456669
0.057004653280929636
0.017824236014506493
-0.07425554300263905
0.03819920770414627
0.026572266230611683
-0.08154503198288314
0.07513195669816425
-0.07659222303533274
-0.32104994868741193
0.07887966212482747
-0.03964711307097583
-0.1696115185683425
0.08564283713069183
-0.01906143682032755
-0.1759934336995238
0.06149278119017239
0.004945210046605024
-0.14294690293718415
0.06007592674787132
0.04032287028584259
-0.12421312254483961
0.08807597285384365
-0.07350876261434262
-0.44936297862943164
0.09572204086325913
-0.037888508549765124
-0.2782513934187066
0.10061695031876652
-0.05470419283181796
-0.4189494812730811
0.08983669272045085
0.004294600433922135
-0.20415171824428033
0.10178081652075661
-0.014695470591249798
-0.2903260480957986
0.07169677574601922
0.011541945309346258
-0.25075975530219097
0.055654207854634076
0.04169801690422022
-0.2608694269409137
0.0974654191081703
-0.06620500424421641
-0.5974729759104043
0.11026550203503996
-0.04650247202779821
-0.5722475635415241
0.06568219199553683
-0.029536019797518163
-0.6638371958475786
0.10397310148792804
0.010863549230941894
-0.3267966441890464
0.1140729146236784
-0.0072807028232315905
-0.431996281353596
0.0781852467616185
0.020433666799194648
-0.3860626762572091
0.05957180574532336
0.05137818019973386
-0.3881291613163886
0.10300118814999579
-0.055403988607255046
-0.7674834643847378
0.11570984208716717
-0.034756577217629044
-0.750555194190952
0.06401938716509463
-0.01611472713994382
-0.8442689199866962
0.11407692592469348
0.01943064378990028
-0.47675147443272
0.12206052492388562
0.0027973359225373
-0.6013421823313189
0.08039261326619353
0.03133292916977223
-0.5486215434870658
0.05971064617671431
0.06222930039987357
-0.5389026802239553
0.10433221792909901
-0.040934612179883
-0.9613544231154362
0.11611432311955514
-0.018783898565484194
-0.9557538454326265
0.057551200590029584
0.0008663557724329046
-1.0492253810803687
0.11987185916471628
0.02953516385216581
-0.6545465922418986
0.12523968689228873
0.015571803092316018
-0.8001594545962731
0.07777714929005904
0.04392973362162602
-0.7397178215038703
0.055684512814953714
0.07322841180808441
-0.7124098823532105
0.10103302217474755
-0.021276149207123125
-1.1806033920996828
0.11099123443176502
0.003826109380168328
-1.1894952959121554
0.04564045568923435
0.02363433802652448
-1.2785954919441023
0.1212197721682138
0.0407349936331369
-0.8624701802334058
0.12370041706100698
0.03124589064717078
-1.030873658698943
0.06946852436314477
0.05803954205124722
-0.9617808429916808
0.04834156241426247
0.08132923737940091
-0.908146632519445
-0.003549390248595229
0.001185101608699502
-0.005672530075511049
-0.0026074323590110095
0.0014966007396139674
-0.007930275552923615
0.006073469431467156
0.008689190456102341
-0.009217372431536336
-0.005150066896855621
0.002617605784366529
-0.005651442437722785
0.0002615251111353469
0.0018102999841229045
-0.003956818173122645
-0.010005315071833493
0.0041603964181767894
-0.017201924494051078
-0.005320585887635111
0.009180182902598331
0.001497113811199638
-0.0017487486269564955
0.0036921648321639844
0.0029406804459397255
-0.0009123766785386734
0.004868788793807865
-0.01145578806995986
-0.00899083208036227
0.010735177076829684
-0.002010818044670822
0.006281428043256725
0.00914777229900179
-0.03240072198000397
-0.006144629259124275
0.0036355599707101043
-0.039144839587435636
0.01291527291514503
0.01462050124929428
-0.0409854452006147
0.00099958107067624
0.007193431920035891
-0.033297567904624216
-0.018573022324803554
0.009196783477035177
-0.05802504426209092
-0.010807091727573326
0.011353516969625926
-0.056928069305750915
-0.021926179384019206
0.018926478077434774
-0.016366796353074076
-0.026103935479991236
0.016626053250116932
-0.051092079943289855
-0.002649373756917315
0.011137950045562325
-0.05115099199023842
-0.018020772772641396
0.017387568411238764
-0.03790136888867637
-0.011704033142505845
0.006736897859724035
-0.09292702401741947
0.01782898015657302
0.02054652268039066
-0.09557863949789104
-0.02828484415109643
0.015427205361583395
-0.08626006200926861
0.0004055893443537959
0.013856659556233324
-0.08707496566165912
0.08160651977171327
0.004970940219568668
-0.4190605496531282
0.0654246087649147
-0.023212378722476733
-0.7511015893305246
0.07986440035065337
0.025650895386381628
-0.4638861727522248
0.0722655002112136
0.04796920100775057
-0.533144503649757
0.07032604083536839
0.008850513841447518
-0.9382558091545715
0.08052368669030434
0.03057747443655088
-0.7845257726007344
0.0695062141204073
0.059250484306931375
-0.7160531641607522
0.057592211291456176
0.030995315052695305
-1.1705892048023416
0.07080672659857003
0.04769066027495428
-1.0134983140807545
0.06239234878033181
0.06983939917072468
-0.927257333159009
0.0017796582641991375
0.004680113267604554
-0.008239141228426061
-0.002167542688548453
0.0022929515381644307
-0.004206014252844951
-0.00029526402719529506
0.0021998573296287275
-0.002546096412489575
0.009759465847205575
0.011747819776955475
-0.022331302834867967
-0.01439906514523572
0.006665289478188073
-0.03486481581305752
-0.006974859990846905
0.00986888855609571
-0.05813138129430406
-0.014295392875845381
0.013897541843946391
-0.05083386384704418
-0.003165246105848036
0.011746866792895395
-0.08067972938513653
0.0049465464960560665
0.013913533712424752
-0.08763536913488171
-0.003888170867054057
0.014568937562529884
-0.08076815850655499
-0.015348779635268412
0.009140305950822457
-0.12861635494734655
0.00048569765546369227
0.019735044207561062
-0.1717236942506587
-0.017307597122990768
0.02289265728378407
-0.20414221151558903
-0.03246682151114944
0.027642354065659538
-0.1448397064981608
0.020896932120051885
0.03171692075789811
-0.22186487930765864
0.0021261108940174253
0.029454635262675544
-0.25515470501445797
-0.06213035407334791
0.0337214285735107
-0.25273075115829796
