-0.3379416524072377
0.2295270311301546
-3.3265791129377438
-0.23067431160824967
0.16477991442131137
-3.691164872838893
-0.17352370887079868
0.2138963438050093
-3.3717719958133014
-0.39505691813502103
0.261660332759445
-3.2716396484433554
0.0464360975452734
0.032855743020326136
-0.07910969663767455
0.030197870332426213
0.026242328614454875
-0.03379105838627773
0.013075551583405091
0.018124152632937245
-0.011743354757706647
-0.01665938947788574
0.08051631833127308
-0.7926980778988104
-0.04304578832568339
0.08799173166923302
-0.7986365072148837
-0.05980292815793289
0.07140501710997746
-0.6628331142614879
-0.0434838834847306
0.05544822134808899
-0.5190249236026716
-0.030529557333636104
0.04309767152196356
-0.38858754485574215
-0.020654330616343728
0.03304993295781942
-0.2730460162531231
-0.013519022227032494
0.02462238200371046
-0.1740313458253492
-0.008712727613264647
0.01738793886904324
-0.0935715246105733
-0.005646196702439879
0.011089416871656573
-0.0346580155351102
-0.0032509568276936907
0.005693606885154747
-0.0018634222180970237
0.05051363091487383
0.08165242450947247
-0.7996946505314322
0.020556265776188982
0.09319113948361153
-0.8050004632025056
0.00618044191998783
0.07292995136511582
-0.6677817168768321
0.017380083342814823
0.05410583940150453
-0.5237794533389438
0.02413773310590845
0.039662819660253534
-0.3928229640279665
0.02696910032294214
0.027842703221997736
-0.2766703002828155
0.026261251684409966
0.017783481732586495
-0.17703977830846895
5.675075697502001e-5
0.01572271127374142
-0.10952014283338453
0.011192745744406365
0.023424301671037432
-0.17430354801501594
-0.002384054275746769
0.022776615920032068
-0.1864982270759502
0.0101784610576859
0.03137561613476159
-0.26599061369089905
-0.006659428135534733
0.03095948201669227
-0.28125216008266857
0.007095483595632006
0.0410175906980401
-0.3759348276845429
-0.01291592147848985
0.04075800118546327
-0.39241470533831696
0.0017955685978263362
0.05258763348945312
-0.502442905739165
-0.021109700347670617
0.05281717189106072
-0.5180005872120422
-0.005957217846993352
0.06599480748941272
-0.6427778057900778
-0.031045040687217182
0.06818681720645511
-0.6549160999968273
0.013290392379452695
0.007865285492370064
-0.01607155021697798
0.011685351204641082
0.002453313690066675
-0.016086962343338968
0.0267203465629592
0.015756149035969308
-0.050012364161775236
0.02201600026055808
0.007747742344163336
-0.05367323521745244
0.038207010881975444
0.023722901824066903
-0.10372831972795918
0.05090806292465913
0.015888171382989598
-0.0662045697947299
0.03419518322415374
0.02379890051318562
-0.0726800345278697
0.06945097756243435
-0.06949722903620084
-0.28615857740777284
0.07115859939983041
-0.035742182684445206
-0.15125388356443195
0.07695703523113702
-0.017236460888877324
-0.15685806101156188
0.0550648809385139
0.004340342353052972
-0.12742659829272512
0.05389073252318069
0.036099612725242855
-0.11065392352325068
0.08224161268405139
-0.06706203142213833
-0.40046705335060545
0.08683482443554318
-0.03427561895659617
-0.2479246533698424
0.09272784550440206
-0.04975290719023288
-0.37327198749057283
0.08067012887177588
0.0036971295941966064
-0.18181978048457753
0.09199186614919924
-0.013394915332421766
-0.2585617753748356
0.06467538678695978
0.010209443818087026
-0.22339812950584087
0.050549086231502754
0.03728640561637243
-0.23247913566454562
0.09221750666033501
-0.06082715203171807
-0.5323847232876895
0.10280323811373385
-0.04263015055312337
-0.5097325854856296
0.06459014816778867
-0.028031253037270647
-0.5919408689741967
0.09399732893424696
0.00952332683609477
-0.29093547121554
0.10398734422412301
-0.006859726416357086
-0.3846055538636057
0.07133822819039884
0.018099939662111358
-0.3438735448462225
0.05486231765991841
0.04589186440021696
-0.3459363381640869
0.09917287021718885
-0.05146249411429333
-0.6838112748261281
0.10959977311536337
-0.032377831350577424
-0.6684876803866773
0.06531446084095542
-0.01632382825966312
-0.7527713711045924
0.10414091025118528
0.01709884268020232
-0.42439861987635624
0.11262623077385348
0.0019999050548897127
-0.5353255023095423
0.07463239887746856
0.02773355880382808
-0.4886800464300739
0.056154935886585385
0.05550576713269749
-0.48042103590156476
0.10286302243725351
-0.038853620195697436
-0.8565226162125094
0.11247552633223411
-0.01843700896575071
-0.8512566142551149
0.06226249571991359
-0.0014968837233629083
-0.9355129915162883
0.11094974425120417
0.02598296436136973
-0.5827051384070868
0.11758747483379865
0.013166921662810381
-0.712345097373485
0.07418863225955712
0.038796986125400744
-0.658981268080137
0.05412572791430373
0.06519971527497795
-0.6352576119965705
0.10297877541439687
-0.021697928859750915
-1.0519162742298835
0.11113141210052022
0.0012683446776819414
-1.0595941196812177
0.054896717700807104
0.018376371214363377
-1.140156207491676
0.11444461210305158
0.035735795202577095
-0.7679000603779257
0.11912735147413456
0.02676132747253195
-0.9178455014014503
0.06938826810455713
0.05107524595140039
-0.8569760254472801
0.04957036319580416
0.07223753917319455
-0.8099982566681405
-0.0031561415051209944
0.0010930669030446724
-0.005047501277039674
-0.0023227051401672355
0.0014058119646328659
-0.007044209327858131
0.0054346499344676445
0.007838290662596803
-0.008177007264344
-0.004598885000455025
0.002348519102140259
-0.0050637771088950035
0.00024873158882351027
0.001643381637234523
-0.0035503377182808005
-0.008901092591294714
0.0037579968671947283
-0.015380588560638968
-0.004791406081140759
0.008232424024926408
0.0012807481322088113
-0.001566606791919598
0.0033206272633628333
0.0025775007377122766
-0.0007779344029607865
0.004394394239028293
-0.010343268542144336
-0.008067681537908702
0.009640451462911936
-0.001953739626995134
0.005694212087006642
0.008270721803831777
-0.02889952890679148
-0.005444266598281232
0.0033502335861666744
-0.03493323514198854
0.01159613650097132
0.013166187131104883
-0.03651255583106697
0.0010028453868028077
0.006504161012175299
-0.029854893368369693
-0.016435056267956712
0.008274051373510805
-0.051938017696092215
-0.009489331747460703
0.010209515627114458
-0.05105922884522922
-0.019660674625379033
0.01695321008769009
-0.014937327153540458
-0.02324936594063623
0.014879892849207764
-0.04600936871859284
-0.0022042773753543983
0.010040578711569255
-0.0460101087252269
-0.01607303832428331
0.015608090766270958
-0.034326216748893905
-0.010270231291336319
0.006122971991113712
-0.08300136346905963
0.01613446149868154
0.018469588881205562
-0.08523022453495953
-0.02502273698325961
0.013811052814309733
-0.0773985115542045
0.0006793005286131386
0.012492313853823793
-0.07804351354168929
0.0748581929606847
0.004175126684168525
-0.3733279533887743
0.06540505171935988
-0.022518005035191406
-0.6697214773278793
0.07343595303556497
0.02271725412970352
-0.4131914424580097
0.06719111223868804
0.04266995099649891
-0.475002507547335
0.07132828355857225
0.006427076266315094
-0.8362938301617708
0.07743015187260353
0.026675911373622723
-0.6989077117881808
0.06644579558351035
0.052598456212547696
-0.6380850137244088
0.06312929552412436
0.02572270848972817
-1.0435466025274898
0.07160137049961378
0.041561451636774806
-0.9030498805789232
0.062429510303198335
0.06180916989412747
-0.8264646844123001
0.0015958326831640157
0.0042504082393305135
-0.0073102886195950175
-0.0019282296149782281
0.002066727678946244
-0.003771111502989838
-0.00025177384365455
0.00198440060170045
-0.002314631880212361
0.008743924407444412
0.010588436921556697
-0.01986996285740298
-0.012779280637413758
0.006007393293282384
-0.031194852041375676
-0.006057226143990574
0.00890031924443157
-0.052003183262439315
-0.012655351905301577
0.012475251786287125
-0.04575247883964229
-0.002597439283191021
0.010604138157850546
-0.07206575168960627
0.004725838459894511
0.012553887922636559
-0.07837126746634024
-0.0031963176134151066
0.013120786840173053
-0.07259224400232045
-0.01339789543988968
0.008260062730065054
-0.11489616021015665
0.0009365863355935042
0.017719446855321577
-0.1533012928311573
-0.014617212303072322
0.02052812092678509
-0.18270471633128058
-0.028545114566171096
0.02475569675396943
-0.1304623570705314
0.019429103224191367
0.028430575654491978
-0.1979410693453921
0.0030698108488718782
0.02644382456063083
-0.22824676041284298
-0.05445456905533889
0.030060260197689974
-0.22709594965275123
