-0.4976078121200532
0.28534533072994983
-3.911609054401911
-0.39219566128916566
0.21273648766823613
-4.348380959566397
-0.30684057896158745
0.26681571646132624
-3.972089910228959
-0.5676624319818557
0.3225831211309753
-3.8334462758644428
0.05469866758786673
0.03870327180826286
-0.09393390213295999
0.035677767449110054
0.030877573554022292
-0.04007993444741426
0.015446458075182407
0.021279824640479644
-0.013886971581931952
-0.03056958340566422
0.09587610796537835
-0.9357252780804522
-0.0620162337145466
0.10458395920039605
-0.9390640838063243
-0.07965005803771377
0.08470625252101963
-0.7764178500933238
-0.057804402616919694
0.0656460002148318
-0.6080390390855369
-0.04038459890752574
0.050900767391480126
-0.4551666662323055
-0.027048822841187942
0.038925243309258534
-0.3196658878732295
-0.01738503785437228
0.028908280941964078
-0.2035188855255195
-0.010883951600568705
0.02034416706876478
-0.10916484455851011
-0.00681118951740778
0.012933940446742925
-0.04016862763336282
-0.0038343765205133885
0.006639096172922146
-0.0019321674937912237
0.04844172496326177
0.09650518515186243
-0.9451336778384802
0.012587907307181944
0.10989533869550257
-0.9475456299042461
-0.002248222176201558
0.08586465719689379
-0.7832797195361207
0.01363324747375252
0.06352006491238134
-0.6145348563574803
0.023806695791929143
0.046400731454826226
-0.46088806983416164
0.02888042105240985
0.03242438756767262
-0.3244978485781665
0.02932574138390245
0.020568855072039635
-0.20746237182981594
-0.0007871211158835041
0.018369713310731565
-0.12884020520295233
0.011867089384340793
0.027450067211137588
-0.2061354924335917
-0.004483082469571525
0.02670496952427176
-0.21945211951887955
0.009595914693383998
0.03689851044251286
-0.31446844542659447
-0.010713654229907593
0.03641898669100816
-0.3309834632399121
0.004444655735006827
0.04840605882327523
-0.4443161659607465
-0.019682721037331125
0.04809410834482687
-0.46178970967398036
-0.003776158479898324
0.062266135582782774
-0.5936335898353557
-0.03133021397118803
0.06250016888030314
-0.6094874239772478
-0.015297038345352947
0.07837858634296424
-0.7591342467322456
-0.04535850404653249
0.08088394135460393
-0.7703808129874535
0.01563629235912465
0.00913359803886526
-0.019064618639329137
0.013640096902470413
0.0027520764880030546
-0.018916798381465278
0.03128710941456478
0.018361107851174088
-0.05929399842550961
0.02553944332004481
0.008866328193249154
-0.063211222445551
0.044440888044628354
0.027698869594332952
-0.1229073438104718
0.06022178885181847
0.018846925056755757
-0.07853823518420025
0.04030172817960073
0.028027903038101973
-0.08625547015941479
0.07790392998096594
-0.08022764767567202
-0.3394916198976892
0.08288789332479322
-0.04167416825318433
-0.17933009323428165
0.09018034939495839
-0.020003303259883067
-0.18614553685151441
0.06486725879312426
0.005270716909410559
-0.1511900949071635
0.06331259879414501
0.042538990776828295
-0.13141364266327354
0.09080726316831639
-0.07677118824636511
-0.4752170056569345
0.1002806084862013
-0.039751165609803574
-0.2943221932582616
0.10450071203173995
-0.057228294810816344
-0.44312974709663905
0.0946254822558091
0.004622106776130495
-0.21601516625444986
0.1068344378465069
-0.015354978233311493
-0.30718222607810586
0.0753311827954235
0.012253776419347873
-0.26528235494844415
0.058255769299591045
0.044019477287791695
-0.2759121820511897
0.09972918561999891
-0.06887468241867743
-0.6318969327531477
0.11377735453392764
-0.048436564893878445
-0.6053476013388525
0.06568152320898138
-0.030168397160386454
-0.7018221392159448
0.10911360382794591
0.01158671329451929
-0.3458357574411697
0.11917699595249388
-0.007467167251239164
-0.4571381429178518
0.08163741290019974
0.021679566080045676
-0.4084370698597096
0.061881544911436624
0.0542711476626507
-0.41046028906801013
0.10431609108616227
-0.05728633812364448
-0.8117380991086761
0.11831432231997852
-0.035877064470656354
-0.7940039398321854
0.06254206681211541
-0.015812083035779384
-0.8926086026729007
0.11907974730147203
0.0206849306809109
-0.5045247682159271
0.1266665738769786
0.003269017132124049
-0.6363470924523907
0.08313659889842137
0.03325838986099559
-0.5803827548648334
0.061295029610671604
0.0657840725316238
-0.5698230673993767
0.10415458315956988
-0.04180080860169379
-1.0167935030326938
0.11716412464216655
-0.018796219008984205
-1.0110598851807806
0.05400426096156843
0.002344556595822445
-1.1092897389776093
0.12417284450532695
0.03144902633481451
-0.6926272929289153
0.1286904728251361
0.016918664885057663
-0.8466916725453507
0.07918519106683718
0.04668625852630889
-0.782459814923765
0.05606137001707009
0.077487084975166
-0.7531637617834308
0.09875144593788376
-0.020776217782735144
-1.2486384391353813
0.10972737733096702
0.005400975542932021
-1.2582070405449062
0.039376968398805216
0.026693363498371894
-1.351690645215703
0.1241568687482395
0.04344102620065142
-0.9125579087187977
0.12523388208565592
0.03373581858880876
-1.0907216964294073
0.06876491960623674
0.06180038938744744
-1.0172141293798864
0.04705282589570322
0.08617212932195618
-0.9599493082866991
-0.0037584082343865696
0.0012316276875997951
-0.006004464748592169
-0.002760012206763184
0.0015397395997042585
-0.008404540166101693
0.0064091421204756785
0.009131276412948003
-0.009774596594402529
-0.005439542158725189
0.0027598368225865114
-0.005958270981950005
0.00026693595322721086
0.0018963080548703548
-0.004168590426315972
-0.010589816555516338
0.004371376893736999
-0.018159418251708057
-0.005593779178784259
0.00967656171256016
0.0016189252419048542
-0.001844392243506899
0.0038862202333249207
0.00313868559360299
-0.000986208757643502
0.0051154159237351915
-0.012026229209379864
-0.0094718042774271
0.011308272723057507
-0.0020190569115164886
0.006582763749457134
0.009602077415007277
-0.03425262757176763
-0.006520763212037192
0.0037804513341495563
-0.04137671490727012
0.01360400599833155
0.015378384304113578
-0.04336165837371468
0.0009883319033308692
0.007550831174101066
-0.03509476017227731
-0.019712301570743194
0.009683973605130146
-0.06121915747284934
-0.011513645059382491
0.011954328541810173
-0.05999061655346701
-0.02310598211921257
0.019965001948301524
-0.01707568329047275
-0.027606226782738944
0.01754958714035108
-0.05371832305933255
-0.002896870899907586
0.011709554244223548
-0.05381254268858686
-0.019043718230515268
0.018321364887942986
-0.03971767004251226
-0.012480254843066911
0.007057783454319452
-0.09817238252484337
0.018699937082575446
0.021632297923515995
-0.10106068134217659
-0.03001995983810237
0.016284778919308893
-0.09088181291258873
0.00023384193930576065
0.014567727377518557
-0.09179383875637465
0.0849652178942589
0.005417155711005059
-0.4433027105526645
0.06475531020851188
-0.023402559913539643
-0.794097574004016
0.08303452662061636
0.027218242522621564
-0.490759575842334
0.07466465965217325
0.05078276048528733
-0.563932644896202
0.06895963151414179
0.010281459249651398
-0.992163127256541
0.08159754398580307
0.03270488459691616
-0.8298514996615639
0.07067100036141268
0.06279538407860717
-0.7573006096677279
0.053521725848219154
0.0339846564717532
-1.2377156312399435
0.06954576856428281
0.051039359449635176
-1.0719195049034063
0.061691517765800376
0.07414104111219258
-0.9805331305319364
0.0018750407687401418
0.0049013170481655354
-0.008736902667131223
-0.002293883730655662
0.002411413016096374
-0.004432821936251969
-0.0003191683280266072
0.0023120087122825987
-0.00266253705762501
0.010291815977240652
0.012351086568846951
-0.023642422061097207
-0.015259097550657031
0.007011478657674305
-0.03679197401535826
-0.007473545509584509
0.010375639019076685
-0.0613501022964128
-0.015165076921501708
0.014645273903427663
-0.05346180831184427
-0.0034868838914259626
0.01234360481874087
-0.08522329351889393
0.005034493250058964
0.014621092610943553
-0.09250304955316557
-0.0042749921451585285
0.01532456033644431
-0.08500959443914671
-0.01640971607333975
0.009604207374721995
-0.13586126923562875
0.00019656720661571518
0.020795708069507483
-0.181456934748008
-0.018800547868035804
0.024142014975335472
-0.2153883612749744
-0.034561416169151156
0.029164961471251607
-0.15225762123049433
0.021592418385090673
0.03344357181753948
-0.23451025158760883
0.0015211764832085252
0.031035532627359013
-0.26927936238156247
-0.06624901190296911
0.035675192058315805
-0.2660494838779891
