-0.7079554794791991
0.3538482996410707
-4.546633630628637
-0.6124641105081096
0.2740845469048799
-5.0655780116093085
-0.4897460092124257
0.3319790731402942
-4.626217111045199
-0.7910114372557409
0.39628188797208225
-4.435027621061675
0.0637918305147301
0.04512764262781048
-0.11069484781496496
0.04176863459616941
0.03596449505425762
-0.0472131943680542
0.01809339133303008
0.024731893584752168
-0.01631092568406093
-0.0497887387760793
0.11332469209717977
-1.0930396830888292
-0.08651480010723887
0.12335153959158675
-1.091521319926634
-0.10414868396451411
0.0996983098609455
-0.898068126462715
-0.07546630155733297
0.07709589742442546
-0.7033932776547043
-0.052502928146152664
0.05961476270552178
-0.5264367980463639
-0.03485901527336123
0.045441733647317135
-0.36946619191250213
-0.022044047136766942
0.03362335365189648
-0.23487779659875063
-0.013436418711527114
0.023567145382697142
-0.1255879971713767
-0.008130582063067613
0.014928856820658379
-0.04581091841389401
-0.0044772822748407656
0.007661559860889266
-0.00185900639259803
0.042126746030188254
0.11295551658109686
-1.1054874251809854
-3.082052527742353e-5
0.1282800160933492
-1.1026342264730868
-0.014443778933060758
0.10003761497292729
-0.9073536531174098
0.007382813725758598
0.07375653336803593
-0.7120879636727315
0.021980577699354964
0.05365129925276002
-0.5340282825687365
0.030051176020999278
0.037282610558160956
-0.3758091741691685
0.03215641101083155
0.023452728947698093
-0.23997985328518784
-0.0019940519373478722
0.021259119751852386
-0.14986432166686506
0.012116194425106724
0.03186872440245325
-0.2414446435183406
-0.007340386879155707
0.031031226587241285
-0.25533770106464504
0.008067825380832935
0.04301364765522714
-0.368140439500597
-0.01611377420465734
0.04247992982263507
-0.3851466861838386
9.118316036981577e-5
0.05665353374114277
-0.5198933555484024
-0.02858867671542671
0.05629554206016815
-0.5373242852843306
-0.012050137602921743
0.07314755272855396
-0.6942538743910537
-0.04467980764314529
0.07338657298764513
-0.7090312365094301
-0.028560015915626614
0.09238455652342717
-0.8873178947489566
-0.06394955960075041
0.0952152712904781
-0.8958943387380315
0.01821460127292385
0.010478421914725615
-0.022418526777700246
0.01573282544548317
0.0030264230929591177
-0.021990223023433945
0.03624216423656422
0.021142418387782597
-0.06966758200823644
0.029257410014533955
0.009988887943804538
-0.07361115125567555
0.051079702150133154
0.03196024094796518
-0.1442867721067632
0.07058392261152349
0.022142754792419415
-0.09252946629806716
0.04702070385883249
0.03267966125522419
-0.10160569895393319
0.08578229529141852
-0.09143449884075837
-0.3990393749016521
0.09549731212605751
-0.04805064351194801
-0.21081850547375594
0.10458182234857868
-0.02294158878464357
-0.2191552620618035
0.07564847631030501
0.006346439994464483
-0.17804552440573174
0.07360355442463054
0.049615225414330465
-0.1548466976296149
0.09797995826831465
-0.08663009661751085
-0.5587550308451068
0.11435116678431838
-0.04554923018958625
-0.34645653007953464
0.11570318132044029
-0.06494673048241532
-0.5214183104676641
0.10981423425678442
0.005730157755774597
-0.2546567854824576
0.12257867074050825
-0.01735664111242944
-0.3619843692993827
0.0866904713846075
0.014586367737870755
-0.31251618544673193
0.0661850478844477
0.05146762306073375
-0.3246762122692721
0.104647566931969
-0.07668486282692087
-0.7431649706149076
0.12308423100391822
-0.05415252457936981
-0.7125367912585057
0.06296887568797671
-0.03144176161960495
-0.8244152386834849
0.12507032650666347
0.013987463477730316
-0.4077636428081908
0.13457385332809574
-0.00790063002853756
-0.5388179653713318
0.09197588830715099
0.025762819332516805
-0.481088995397671
0.06847606149065735
0.06358395106164488
-0.482708693359385
0.10523238080306936
-0.062413490736167795
-0.9547846343801043
0.12377777120701298
-0.038843281238626286
-0.9346703908230075
0.05404826694483392
-0.013916790263802324
-1.048604529708495
0.13403340147417697
0.024836760066737924
-0.5947268204763015
0.139721870128341
0.005033047044405287
-0.7499495247295307
0.09055185597049706
0.03959218222772843
-0.6833475546575069
0.06500376570819386
0.07727610901662638
-0.6696856710927136
0.0990916160733283
-0.04347852711686991
-1.195945486251203
0.11643163997096502
-0.01800823318515614
-1.1900065841592558
0.03758423637814647
0.008228484798503752
-1.3030487371654822
0.13607176578787591
0.037805946278588756
-0.8161217535586675
0.13700299298257093
0.021639893066219034
-0.9975207576424411
0.08139650909309395
0.05581147057897045
-0.9208060408872711
0.05515914805539335
0.09132620725125201
-0.8845828624201361
0.08548452698462956
-0.017817819327585208
-1.4683810768068384
0.10003183568062372
0.011580367881399186
-1.4803069039824734
0.01270790759316635
0.037946668898775425
-1.5873179074914172
0.13056790346866354
0.05249741103012651
-1.0747596961413908
0.1259845972101886
0.04237255758452799
-1.28445552474794
0.06294421246405948
0.07435661461911164
-1.1963594159149198
0.0398745815600369
0.1020144883924419
-1.12678046195618
-0.004438876845146405
0.0013741751544869912
-0.00708388740546871
-0.003264624619001139
0.001659711029301093
-0.009967090006180722
0.007483191865165455
0.010524702745005323
-0.011611598677615204
-0.006363529198101806
0.0032211784526026614
-0.006929059557083098
0.0002783402145491368
0.002164753620784019
-0.004836519499827196
-0.012478787207377193
0.005049161644437408
-0.02122414110723978
-0.006442705722995728
0.011257596296926381
0.0020496535883056445
-0.002150406413407514
0.004502581922326478
0.0038082307571566643
-0.0012363549449831911
0.005894258237975684
-0.013778504349780134
-0.010989143846067135
0.013134250290982355
-0.0019349497297683142
0.007513039669099621
0.011028807173610556
-0.04023893882320752
-0.00776661760661553
0.004228028880889641
-0.048618672064545364
0.01578577005581025
0.01777793314759656
-0.0510990842401454
0.00090973607804295
0.008675711064749254
-0.04078190322930177
-0.023428466061236594
0.011264658562301699
-0.07141483331025246
-0.013834597786667513
0.013883238496824516
-0.06967714299053657
-0.026821950044815877
0.02330101522490762
-0.019128270152126557
-0.03241133254362965
0.0205426113244596
-0.061892070689961935
-0.0037475095913017107
0.013519582211732753
-0.06212061975263832
-0.022305657625417082
0.02130933764546937
-0.045208479225314395
-0.015076500518567522
0.008089466366740189
-0.11511551023425919
0.02139180911313647
0.02508633780855455
-0.11882964551719362
-0.03565888974046153
0.019082318671559545
-0.10548926723117125
-0.0004405656369043369
0.016822431650575332
-0.10674789334456442
0.09481425214685613
0.006980632436960867
-0.521969825997633
0.05940394676072762
-0.023177409680713943
-0.9328614099580798
0.09217240871811709
0.03236266621230846
-0.5779485117474322
0.08105078418324647
0.05993457944654608
-0.6636264300346109
0.060604515783439374
0.015635374896578114
-1.1663208135198402
0.08239314137213086
0.039903303447637734
-0.9765742175439995
0.07227004554607562
0.0743951113472409
-0.8906449849893303
0.03498849424617479
0.04464099392125274
-1.4543510202605356
0.06148198980468956
0.06240711351412097
-1.2607538085931487
0.056192464189409645
0.088332526949225
-1.1525111563565276
0.0021734264420906002
0.005590452836888043
-0.01037947874887719
-0.0027001428576294366
0.0027903422983518154
-0.0051491739516763176
-0.00040029607365513474
0.002666880820131384
-0.0030087149646568253
0.011988757963072156
0.014256796258399833
-0.027929618447591058
-0.0180503758848919
0.00812917466466057
-0.042950120325033946
-0.009143967399266659
0.011994918208206286
-0.07163842089692783
-0.017976069005404563
0.017046787503326336
-0.061651862514473944
-0.004625739516106077
0.014245217718407985
-0.09984790291124461
0.005187156343852067
0.016859827524577795
-0.10807006785682614
-0.005613275137706795
0.017723422673813827
-0.09829362412812115
-0.01997855755223244
0.011111091210972743
-0.15923161689989662
-0.0009802686778754223
0.024210902457534492
-0.21287268230502115
-0.023938677891298638
0.02819208414586054
-0.25126616057893775
-0.041394338487256516
0.03407699238077644
-0.17528231602055747
0.02345373570630475
0.038978396306274365
-0.27534289873322065
-0.0009147526976894624
0.0361048065030656
-0.3143778379719102
-0.07978201841379716
0.042097809750728854
-0.3078813018728801
