-0.3861478693893815
0.24691515647271625
-3.5159547579888515
-0.27874773229007643
0.1794997115312529
-3.90357301227105
-0.21309475961966606
0.23036151709788108
-3.5658563327258044
-0.4474885150953905
0.28072721025136194
-3.4542066554853497
0.049100165841380786
0.03474217206961997
-0.08385149905078251
0.03195958769044005
0.027738352531469005
-0.03580130764907364
0.013836934495205412
0.019143818103942042
-0.012429411344549819
-0.020775825158581104
0.08542324695779972
-0.8388114508217474
-0.04880985651032888
0.09329927401142595
-0.844086276194502
-0.06593481800783248
0.0756647306507248
-0.6997398997412226
-0.04790979037686664
0.05871823115267258
-0.5479456308630192
-0.03357880869088575
0.04560411731730511
-0.41022313220068674
-0.02263786079507857
0.03494117055366521
-0.2882044471818645
-0.014724255257671943
0.026005455182935705
-0.18363124267852662
-0.00939586753737551
0.018344579036653718
-0.09866184363605139
-0.006017806548014376
0.01168779822996253
-0.03647091877158036
-0.003438990472739917
0.006000356869168743
-0.0018985127004966472
0.05022518413505744
0.0864333550644167
-0.8465488720034405
0.018359668316478082
0.09857802048087166
-0.8511035507962004
0.0037526843681212705
0.0771066995578058
-0.7052741798543624
0.01638243708988367
0.05715301537527122
-0.5532340526170818
0.024175110501856605
0.04185057249444476
-0.41491488147381017
0.027676889734821165
0.029336802836311397
-0.29220049265558523
0.027302033761691845
0.018698064037543705
-0.1869286219326989
-0.00018837533153865093
0.016579356441827064
-0.11576869685709168
0.011456065647776969
0.024724723524215206
-0.18454123923828863
-0.00300785253239318
0.024044434126978306
-0.1971540506540729
0.010073430886365267
0.03315478926643083
-0.2815901440655674
-0.007875792009980342
0.03271702415219005
-0.29733231460782633
0.006375226037856544
0.043391649319929206
-0.3979498127535621
-0.014956432203100056
0.04311439008579663
-0.41484842917679404
0.0002001398910647451
0.05569036362883294
-0.5318152654580034
-0.024201300212427685
0.055921594361495235
-0.5475904418926901
-0.008687912267474538
0.06995700858366688
-0.6802738123631852
-0.035384366946818464
0.07225194538194378
-0.6922720505798863
0.014047206776873088
0.008279053335442562
-0.01703126565623835
0.012320912316585275
0.002554750266109359
-0.01700269441599743
0.02819945478078844
0.016604031106735306
-0.052990684657104124
0.02316689090620725
0.00811850195384085
-0.05675598266471501
0.040237536894375175
0.02501542398370962
-0.10988715627639678
0.053901018678243984
0.01683828958391989
-0.07014707948461049
0.03616398642177542
0.02516286502402961
-0.07702259165868533
0.07231011084385229
-0.07301409977007674
-0.3032778875634866
0.07496971698040271
-0.03766965427694116
-0.16025673615601738
0.08123536660737592
-0.018138956884433465
-0.16623594931313365
0.0582258047328407
0.004635310999270245
-0.1350303129409336
0.05693550279904745
0.03817675321026985
-0.11729698576058542
0.0852137123586825
-0.07027021764889617
-0.42445453813563855
0.09123849290153416
-0.036062886715753036
-0.26279231685664334
0.09668747227049203
-0.0522111481754965
-0.395672418743017
0.08518501953024285
0.003986645661724812
-0.19275952355762385
0.09683204503390583
-0.014041675066838155
-0.2741272039210739
0.0681440039870944
0.010860928935252114
-0.23680553888124609
0.053083612951925783
0.039454248029743115
-0.24639810950669966
0.09495062886522149
-0.06351942496305972
-0.5643133487615861
0.10659865150776325
-0.044565013958940206
-0.5403880064334515
0.06530525695882117
-0.02882009599723937
-0.6272214513233519
0.09893260088174388
0.010176357934177087
-0.3085057055423367
0.10900580154003206
-0.007077376592431269
-0.4078299542858431
0.07474902212599853
0.01924124246954192
-0.3645514849127742
0.057228257822709606
0.04858600586122455
-0.3666294791870827
0.10127091165148926
-0.05345858286344792
-0.7248553788640671
0.11279129434109758
-0.033587192061064926
-0.7087319489550461
0.06492490398813139
-0.016280580484642176
-0.7976707116184774
0.10909261547408257
0.01823629456013298
-0.45005492486901477
0.11737258377672594
0.0023758043290953374
-0.5676828508922946
0.07755122585780799
0.02949269300356982
-0.5180667710686414
0.05799052419293434
0.0588046222591472
-0.5091121731890892
0.10387958874433142
-0.03994675565846275
-0.9079481423079874
0.11453137174534309
-0.018659766154263933
-0.9025049625697962
0.06027854027089638
-0.0004078363453970712
-0.9913168397820162
0.1154552043561336
0.027714848329332117
-0.6179210752653789
0.12152534804224821
0.014323812690201693
-0.7553951120866251
0.07610005000183548
0.04130230102409237
-0.6985738588500751
0.055028650978441014
0.06913475437347823
-0.6731197893418888
0.10241236326149218
-0.02157610469785216
-1.1150497815152374
0.11143100420771825
0.0024550769123342915
-1.1233128507833148
0.05078019753966472
0.02087043424644447
-1.2081035908732867
0.11796748803854305
0.038169422063556335
-0.8142691169479704
0.1216440531709851
0.028925373827314027
-0.9732692561078442
0.06965798373844966
0.0544683005494156
-0.9083862574627674
0.04916518212647621
0.07668742556783782
-0.858176672392381
-0.0033487419056490693
0.0011389256390078575
-0.005353705096382744
-0.002461818583312984
0.0014519249687566982
-0.0074772164765747485
0.00574869534380376
0.008258206606086267
-0.00868528618201709
-0.0048698722883599105
0.002480589659161935
-0.005353260691838184
0.00025543317279475106
0.001725992403236425
-0.0037507121834015555
-0.009442596410367524
0.0039560579230317775
-0.016275825693219725
-0.005053025697632291
0.008698868030104855
0.0013846473159859702
-0.0016561733715457635
0.003503659730499013
0.0027538611269855916
-0.0008430148756183838
0.004628473810786882
-0.01089447180706055
-0.008522742129643213
0.01017933668497683
-0.0019884048435660664
0.005985129355010782
0.008703992745873393
-0.03061706592542279
-0.005786148718210702
0.003492202588184243
-0.036998121191726026
0.012245973419225373
0.013883170795673213
-0.03870371666137937
0.001004242365104905
0.006844570220892839
-0.03155088110186137
-0.01748112410985284
0.008727154081259679
-0.05493178098585515
-0.010132661307863963
0.010772163942705536
-0.05395081816580423
-0.020777553519890066
0.01792287533149042
-0.015652881182401508
-0.024651748318053557
0.015736642545047506
-0.04852155868537461
-0.0024187581601551197
0.010581701466444758
-0.04854940759903659
-0.01703055379167264
0.016483395431984734
-0.03610265071165349
-0.01096813867409175
0.006425538853099991
-0.08787207717311152
0.016973450359927846
0.019492463188767642
-0.09030426025852012
-0.02661969443943372
0.014603240454796194
-0.08176540536482342
0.0005535297182347621
0.013164980903482436
-0.08249147789200786
0.07823351550737562
0.004557746015373636
-0.3957460427098411
0.06562546443435874
-0.022913428810934933
-0.7096556597556386
0.07666012888464077
0.02415160925542792
-0.4380415189140389
0.0697679434435477
0.045266353120114886
-0.5035128370940434
0.07109574840988754
0.0075701109980078046
-0.8863165266448196
0.07912132806691163
0.028570461958066753
-0.7408943311345626
0.06808702217144288
0.05585372618412672
-0.676328697403293
0.060766878979781516
0.028247860061809755
-1.1058859320028251
0.071471347416525
0.04453576396103539
-0.9572276280680468
0.06262162106163932
0.06573216857644057
-0.8759175371149642
0.0016865490283810333
0.004463132715315606
-0.007764015452701099
-0.0020456816324734154
0.0021781039676252094
-0.003985424782956584
-0.00027282087122323023
0.002090670402437972
-0.0024299954475101083
0.009243553916687271
0.011160304800737897
-0.021074651464149045
-0.0135727892987919
0.006330813842595404
-0.03299941522542998
-0.006503178845412068
0.009377309590722275
-0.055016262174115566
-0.013458991409515661
0.013174480437879083
-0.04826326439800032
-0.0028693758218180047
0.01116724548413128
-0.07629526261184223
0.004843089327108423
0.013224569216404466
-0.08292558327539305
-0.0035290377984470074
0.013834475637007905
-0.07662806759761075
-0.014345973651457664
0.008692649162132303
-0.12163058442404504
0.0007309886133059764
0.01871009146780554
-0.16234194792106593
-0.015915027867675974
0.021688770736823477
-0.1932490076100119
-0.030461993868221324
0.026173238097723244
-0.1375717257176065
0.020174046248242174
0.03004641951400756
-0.20967959042220127
0.0026399462476594804
0.02792462062694167
-0.24147897105524654
-0.05820068757907897
0.031851357014931685
-0.2397440068132894
