-0.6315675253018642
0.3293736547241017
-4.329526566926309
-0.5316993057774216
0.2518803191025446
-4.819829088124328
-0.4225970606349487
0.30867781428844665
-4.402281197004641
-0.7103995013208562
0.3700817349320792
-4.230477098210211
0.060666595501493
0.04292118980065945
-0.10487663485127208
0.039667509025689114
0.034217756622429554
-0.04473349880206919
0.017178610370693577
0.0235476218015682
-0.015468964882635845
-0.042721539818698515
0.10725410940704998
-1.039004551933905
-0.07768268514542565
0.11683250464605302
-1.0394151825811297
-0.09543834566900909
0.09449703951513996
-0.8567120270337156
-0.06918820944722645
0.07312865761204583
-0.6709758050491073
-0.048199134646735614
0.05660117555207577
-0.5022150241819346
-0.032090800772401014
0.043193623093231166
-0.35255566227710383
-0.020399300440239458
0.03200149854957604
-0.22424846553904532
-0.012541957291923181
0.022462151030810312
-0.12004288983314503
-0.007673320501804731
0.014246855703846928
-0.04392783488560975
-0.0042561809143495544
0.007312010300327198
-0.001903462067128795
0.04477491452074553
0.10728723894581448
-1.0503627418855743
0.0047480301185242055
0.12196003663919956
-1.0495896104141047
-0.009926596097019603
0.09517364636400957
-0.8651287119025232
0.009769528437579124
0.07025330537261787
-0.6788826881552882
0.022773119180422203
0.05117950076796573
-0.5091370311331297
0.029754955841288726
0.0356355938723098
-0.35835854993738575
0.03124621689391535
0.02248401101131042
-0.2289375530658337
-0.0015474127411127165
0.02026751640736381
-0.1426732409544625
0.01208941342515501
0.030349566419033205
-0.22927842331663703
-0.006295712524883147
0.02954181319330792
-0.24306003760497588
0.008698627142568768
0.040904656397386135
-0.3496603611229281
-0.014150373180348742
0.040387359809625066
-0.3666144344610625
0.0017580281752305447
0.05380099341607077
-0.49388799989007054
-0.0253608295096846
0.05345705549064915
-0.5114823091438867
-0.008952562211087001
0.06937469078543364
-0.6596527278108211
-0.03985144481231867
0.06961168290540963
-0.6749830591610807
-0.02364866529650182
0.0875186083244039
-0.8432638899768938
-0.05723608857097447
0.09023977361699534
-0.8529778610058263
0.017328862224475983
0.010022244712864507
-0.021258539673607458
0.015021022699872986
0.002938635074582679
-0.02093980156052569
0.03454777037275406
0.020196816563418013
-0.06608343120372709
0.027999163915178597
0.009616144344134825
-0.07005164955070893
0.04882490853967876
0.030509599884759403
-0.13690733823874504
0.06700845622156766
0.02100584089901042
-0.08766462627284463
0.044711876937197186
0.031081002563889373
-0.09627671345803984
0.08324378426679407
-0.08765324458696364
-0.37846043335114093
0.0911971222403014
-0.045875729930619114
-0.19991488290271509
0.09964904089114009
-0.021943174178469634
-0.20770439375335908
0.07194404376486738
0.005971070943862218
-0.16872053862413272
0.07007643250008193
0.047184836833779616
-0.14671802762691383
0.09578467714985178
-0.08333943287995155
-0.5298748207517606
0.10960123834244805
-0.04358227654090492
-0.3283941078175072
0.11206278101310369
-0.06235353231447629
-0.494323391804579
0.10461468614886016
0.0053397401800560395
-0.2412426376676961
0.11723868257463914
-0.016686035961108507
-0.3429776633931826
0.08283215820989928
0.013775048687713043
-0.2961320776537572
0.06352806292199165
0.04890269634795007
-0.30779564094978534
0.10336021275161464
-0.07412581813568091
-0.704691310835766
0.12021942470487594
-0.05226850698030923
-0.6754374758851648
0.06437373724037128
-0.03113521487495167
-0.7820574372821494
0.11966979559610305
0.01314788124017205
-0.38628379519769984
0.12944290283827872
-0.007779039150664214
-0.5105029725561776
0.08854561879924898
0.02434180307894713
-0.4559118630410443
0.06634805632835968
0.060371172394220546
-0.4577249629636335
0.1054903265179069
-0.060806789705032525
-0.9053232022126081
0.12239938362105612
-0.03793152806557504
-0.8859926497706015
0.05762582957610652
-0.014732451779621434
-0.9947098316840733
0.1290766036134607
0.02338571920297527
-0.5634665352759919
0.1355273899601149
0.004382324821144599
-0.7105924902678086
0.08824196580121427
0.037383178567538075
-0.6476978282072697
0.06396632806983686
0.07330254489838604
-0.6351848880208285
0.10161627497949872
-0.043094402769850375
-1.1340097300766312
0.11739772371967983
-0.018425720838122654
-1.1281037459740493
0.0441153867758118
0.005999075886842017
-1.2361224250261607
0.13230701912779633
0.03557933084397955
-0.7733588161222745
0.1346226023465512
0.019943566299744413
-0.9453022860509139
0.08103851730877934
0.05261810989610678
-0.8729470306913422
0.05583696815864009
0.08652800873460004
-0.8392165030724528
0.09108774704236644
-0.019076895159136072
-1.3924348099223078
0.10435278795912548
0.009251503850793048
-1.4035186940521767
0.0230353120750596
0.033813179759155126
-1.5059619759215082
0.12888659690194407
0.049312272181936914
-1.0186369332042327
0.12645390172471702
0.03928254307839018
-1.2174320235916984
0.06557071777976535
0.06994329559377094
-1.1344387225583135
0.04287470390253123
0.09650267633348075
-1.0692285603428189
-0.004202901005468225
0.001326015392649814
-0.006709712838707054
-0.0030881826191823175
0.001621208627319578
-0.009421765987389932
0.007113838480656011
0.01004895300397429
-0.010970296878801552
-0.006046441828969546
0.0030612304038712132
-0.0065974119033840725
0.0002754178076389736
0.002073498255533387
-0.00460869265035998
-0.011826332802194377
0.004815122575392933
-0.02017048335083937
-0.006155469200054381
0.010715219618276059
0.0018941393252772647
-0.0020451419949836427
0.004291328729381297
0.0035715298476219335
-0.0011480217288262406
0.005628014002441409
-0.013189503461244412
-0.010471446584447344
0.012507519298609769
-0.001984008149594919
0.00719897786676012
0.010542476910255845
-0.03817002664548662
-0.0073307636160192995
0.004076015313381651
-0.046110434773516784
0.015039388825143744
0.01695678586764398
-0.048414593146256235
0.0009439153664207414
0.008291767713649038
-0.038838623299822274
-0.022139122179005145
0.010716168439065199
-0.06791443078961189
-0.01302691805440486
0.013217998667666035
-0.0663680537969824
-0.025555615160280966
0.022151157458138594
-0.018462067601882313
-0.03076105302977929
0.01950582556002221
-0.05912423066749295
-0.00344534633098994
0.012899984474530194
-0.05930298382555181
-0.021186982743232295
0.020281266329912666
-0.04337980724709299
-0.014164124581955855
0.007732285937460767
-0.10926101519458156
0.020482816471025178
0.023901445824607837
-0.11267931036278037
-0.03370647152003424
0.018109515078264554
-0.10050086478415378
-0.0001877159164758467
0.016049957149600214
-0.10163421245259388
0.09158500724995924
0.006419315164228788
-0.49471419166927516
0.06180351145778267
-0.023401530392946384
-0.8849173105170344
0.08920727860937532
0.030570708551696503
-0.5477475461508434
0.07908152191669574
0.05676060582837144
-0.6291339368906183
0.06417315252008408
0.013655333814137794
-1.106119547363464
0.08258233544537347
0.03735711918547282
-0.9258105964237962
0.07209291246430759
0.07035936893465007
-0.8445500634185694
0.0423236937214288
0.040779379460683385
-1.3795102917571687
0.0649602315395601
0.058379097441103804
-1.1954731579206757
0.05865268022949622
0.08337397426889165
-1.093107336016836
0.002072022519955502
0.0053563990526488935
-0.009805771451395048
-0.0025602165096173836
0.002659885672455111
-0.004904666095633002
-0.00037161954647492673
0.00254544554581851
-0.002894513935224994
0.011406345154200578
0.013605396992524721
-0.026439017618156216
-0.017084273160196343
0.007742298321353897
-0.0408347244649343
-0.008557120997277089
0.01143762227433797
-0.06810375240553984
-0.017005675945331002
0.01621869274951683
-0.05887656930461199
-0.004215364306175174
0.013591599637426302
-0.09480460634127555
0.005156578943164242
0.01609364884197718
-0.10272053903419143
-0.005136552840072154
0.016901182470984575
-0.09378014139498601
-0.018721078680008538
0.010587048433769269
-0.15116201991759076
-0.0005317470311742067
0.023031131446142866
-0.20202231253323966
-0.022110936787062798
0.026788042297090583
-0.238952402401659
-0.039025285449118714
0.0323795273112832
-0.16749803184347273
0.022877218916596376
0.03707218889554604
-0.2612377405293571
8.013839691706008e-6
0.034357997409758645
-0.2988930996702328
-0.07507273653029631
0.039856134683281134
-0.2936445620717016
