0.0012640968043709634
0.001756012547172503
-0.03392448511064785
0.0033191309078194394
0.0009184591505050756
-0.03730131414490497
0.003028235641788279
0.0015874855121227837
-0.03401944695557543
0.0009521020711822252
0.0021051397470133524
-0.03360898049717203
0.00048298928680367556
0.00033750321447621875
-0.0008076117239616716
0.00031124554286972
0.000272009687224771
-0.0003514201904887582
0.00013627061209647756
0.00019055071320880573
-0.00012466199964615988
0.0003401233246567559
0.0007931979993752708
-0.00803566448245145
0.00011562486140093619
0.0008752983220494016
-0.008179821160383667
-0.00014080756455125384
0.0007182880179261434
-0.006854983648308646
-0.00010854200685824008
0.0005639736893737661
-0.005364025901924868
-8.626159094355892e-5
0.00044384695820867714
-0.0040158827510077474
-7.18530349422566e-5
0.00034505152924658165
-0.0028240580074069227
-6.290761697177398e-5
0.0002609781725956273
-0.0018037488373085241
-5.67393400653197e-5
0.0001873846668740473
-0.0009746956259949428
-4.93753356975868e-5
0.00012138709934421875
-0.0003664711108920018
-3.32690595871971e-5
6.244843122416663e-5
-2.4659001495126853e-5
0.0010297838054332353
0.0008161238848662297
-0.00804965200343697
0.0007740212959976199
0.0009406083557153597
-0.008194731393020861
0.0005394714339102079
0.000740809418296392
-0.006853628646092676
0.0005179419433778054
0.0005560615258798884
-0.005368228356889741
0.0004759061509487657
0.00041325222476913627
-0.004023190723967358
0.0004177864986696345
0.0002951045287390274
-0.0028336099492138112
0.0003462404476550484
0.00019331572552600974
-0.0018150383712218989
4.2587084380955244e-5
0.00017138223351790484
-0.0011217319149817203
0.00017619458066184504
0.00025092982461587824
-0.0017694035019232557
5.759626149814544e-5
0.00024407285743999825
-0.001908806156545172
0.00021542904718756023
0.0003303203774023742
-0.0026970316171683138
7.192252553099869e-5
0.00032644751775231016
-0.002876919872572843
0.00025405840699095075
0.0004243648538950355
-0.0038080388323603713
8.576867605884413e-5
0.00042307732085070256
-0.004012608983509681
0.0002915681880855981
0.0005348178603007479
-0.005086883540915539
9.955890615520163e-5
0.0005400046005856033
-0.00529683400362749
0.0003237914477445753
0.0006601870311556718
-0.006508687957829093
0.00011258516970152851
0.0006872775261101196
-0.0067000167559269725
0.00013914602689480023
8.638291480557495e-5
-0.00016176133873086919
0.0001250479750819407
3.0581538087539496e-5
-0.00016461689412395966
0.00028575020390649426
0.00016932807035613317
-0.0005034800747953315
0.00024384018755508813
8.907742646981067e-5
-0.0005456840500720627
0.00042106355113983473
0.0002517334472789898
-0.0010443784369290662
0.000519165836923704
0.00015738172947136664
-0.0006869901677815066
0.00035358793399174775
0.00024551687922114905
-0.0007463527178138684
0.0008997572470192806
-0.0007889029336994899
-0.0028319002489150054
0.0007841836159834836
-0.00038687295820052437
-0.001525894427706562
0.0008223383560669492
-0.00019045399405638496
-0.0015898398400618424
0.0005711958983869466
3.72868439009828e-5
-0.001305876211640259
0.0005666626269258
0.0003696804368336495
-0.0011228665506816163
0.001129236552679961
-0.0007905497448803707
-0.003964334744881821
0.0009937624342557945
-0.00038041869597649534
-0.0024813553981960744
0.0011772240845862336
-0.0005743823184192764
-0.00370811362735106
0.0008546765239286884
2.5979360704836595e-5
-0.0018374514831938054
0.00102298372539147
-0.00015642434038631061
-0.0025924963635801093
0.0007070788144769619
9.477242083416891e-5
-0.002258418288982966
0.0005782036697249944
0.0003792856963462641
-0.0023439954571575035
0.0013583039168010007
-0.00075129246409358
-0.005267415537581713
0.001395767836577559
-0.0005189220414762021
-0.0050513832143662014
0.0011413666921821339
-0.0004186353336954825
-0.005893768151899842
0.0010432926916205984
8.117518405547454e-5
-0.0029118905420493623
0.0012236771416099337
-9.755520290507826e-5
-0.0038307761087991742
0.0008424360342372268
0.00017058869707041674
-0.0034500478702183066
0.0006861193666578094
0.0004629412219529951
-0.0034734028816934344
0.001590348338113072
-0.0006796064117598806
-0.006759981330365813
0.0016189951295263716
-0.00043440501194229835
-0.006611654211197009
0.0013278628108193244
-0.0003223378676278084
-0.007487263760005075
0.0012327096554663412
0.000151362514463716
-0.0042232998416759674
0.001429021995272169
-1.931290389074119e-5
-0.005308959995279106
0.0009801282471988142
0.00026039438334639976
-0.004880388106188565
0.0007925084243985354
0.0005541288871622763
-0.004811764003858936
0.0018289066989382954
-0.000577172577657137
-0.008460467420456879
0.0018492343468151664
-0.00031891245888368515
-0.008407521831455237
0.0015182007382784173
-0.00019846126045654125
-0.00929705545254483
0.0014294253571012533
0.0002300556389989387
-0.00577698755261249
0.0016463323407107009
7.479357573619633e-5
-0.007043048762017691
0.001125827873194021
0.00035839790330763647
-0.006561228814133215
0.0008982408145251312
0.0006423670127677863
-0.006353796053623208
0.0020770520203354415
-0.0004350316134914064
-0.010384963650765097
0.0020952015219384704
-0.00015748737174287278
-0.010458026082651431
0.0017107050988453324
-3.2526547919137904e-5
-0.011328759856773557
0.0016452516907128677
0.00030961544483376125
-0.00759191271429897
0.0018923203570196075
0.00018149971562564973
-0.009053400655722996
0.001286284650158011
0.0004587275129935716
-0.008515021507277296
0.0010147465742476763
0.000698821222820893
-0.008095376977963717
-3.123624159390414e-5
1.4882775775818082e-5
-5.0179145039465296e-5
-2.50125397931129e-5
2.1336312693259358e-5
-7.165280350393334e-5
5.577643896450311e-5
8.614587505645275e-5
-8.157865441423646e-5
-4.5547476438505065e-5
2.5714703347191088e-5
-5.1384178673643075e-5
3.839713843504523e-6
1.9097811015823913e-5
-3.645206580509154e-5
-8.66286754392379e-5
4.366967034657189e-5
-0.0001564162877238065
-4.992239666992026e-5
8.597337844526066e-5
1.0616043798860477e-5
-1.6271925720979e-5
3.5725929803968344e-5
2.3895740835620928e-5
-4.467201894571086e-6
4.8733107683547215e-5
-0.000109087852353374
-8.2947579993317e-5
0.00010261071133998501
-2.6444437041282053e-5
6.452761293690392e-5
9.271897870652709e-5
-0.0002921459969679934
-5.425113655140475e-5
4.571154732859727e-5
-0.0003607930596605761
0.00012206460201471292
0.00014281983918390626
-0.00037161524201427787
1.9863403303922813e-5
7.318052156488682e-5
-0.00030621247115070416
-0.0001521677073397168
9.366083490086605e-5
-0.0005327763877392757
-7.998990661275287e-5
0.0001121068149495571
-0.0005257101980348006
-0.00019954157549336904
0.00017819625371256383
-0.00016460318714911363
-0.00022323849981716146
0.00015789664987733202
-0.00048183886390856215
-7.3276594678661875e-6
0.00011025479038341698
-0.00047736608800311777
-0.00015649440217379814
0.0001669701654724626
-0.00036594114367264355
-9.132216072967727e-5
7.628818506278159e-5
-0.000855870853241039
0.0001799154550940053
0.000197619949175287
-0.000867201957198912
-0.0002281828860207459
0.00014924135583731623
-0.0008002419132611818
3.489584981596716e-5
0.00013744210856156644
-0.0007996471289131695
0.0009183183434625903
2.0673514556782213e-5
-0.003740825378626983
0.00123434590175501
-0.0003735947419221291
-0.0066646473788143385
0.0009107704568676938
0.0002140560669881505
-0.0041350011022228215
0.0008886797784542521
0.00041700810755221726
-0.004749094566109153
0.0014168527413130209
-5.376917063183445e-5
-0.008313698111070541
0.0012256840711773649
0.00022042118321364084
-0.006952807108263042
0.0010180137982170006
0.0005065175681365934
-0.006363739645871527
0.0015910606674975987
0.00010485927995704689
-0.010368073041479665
0.0013943644671266964
0.0003412879920910161
-0.008966436679563207
0.001164500790047024
0.0005816430210338286
-0.008227951161566634
1.5718273423987594e-5
4.97406997748925e-5
-7.343473426215146e-5
-1.8457536824651636e-5
2.3171139845911604e-5
-3.844409486035362e-5
-1.4600331049209357e-6
2.1930687655900523e-5
-2.5214381254105193e-5
9.057624219791017e-5
0.00011562354817540901
-0.00020138653766441347
-0.0001216719137608606
6.874442610952025e-5
-0.000319018951441244
-4.6068034322226234e-5
0.00010019421589405172
-0.0005309765108193156
-0.00011469907646509904
0.0001343220024720757
-0.000477007873396162
-7.600667594485879e-6
0.00012007615111814768
-0.0007351425999734841
7.409179771391609e-5
0.00013892344906196862
-0.0007977264172822174
-6.888457354294879e-6
0.0001430182122623979
-0.0007507773758116403
-0.00011207164444128693
9.836776433577882e-5
-0.0011824667840183258
4.949418075094424e-5
0.0001916554754702724
-0.0015650255878201322
-7.43195497084143e-5
0.00022169850988512597
-0.0018689854173045174
-0.00024108204223959414
0.00026159863173637175
-0.0013624603194053368
0.00025804024777265934
0.00029777686903886445
-0.002005273403387484
0.0001312824936035505
0.0002818986491650234
-0.0023236914680891244
-0.00044732274742412714
0.00031356036943010164
-0.002359116680620107
