-0.05949412005776518
0.10477672627580939
-1.7431346766874183
0.02080051610654948
0.06659566370889339
-1.9256510739229158
0.029249627247886004
0.09653809985960365
-1.7579011545923784
-0.08361868860049716
0.12217382343677234
-1.724996333672494
0.02440861367132482
0.017237607290420575
-0.04096720881211831
0.01578041357536691
0.013820088917773324
-0.017609319476879527
0.0068543761780549
0.009606003361354318
-0.0061793806815041465
0.00404392997881894
0.04127847578714525
-0.41267288215432446
-0.008862996807613493
0.045325451575222685
-0.41890572742623033
-0.019866200542346876
0.03697833940297856
-0.3502296893317295
-0.014590399812372725
0.02886788589770513
-0.27417168230742084
-0.01048867649187067
0.022575763804919432
-0.20531807385059117
-0.0074267878159987415
0.017431180129256534
-0.14440080746476225
-0.005249887154708706
0.013085687272167964
-0.09222024582595931
-0.0037782864206279093
0.009318804808565603
-0.04979780947768674
-0.002753432150700789
0.005989956141818397
-0.018665352005333802
-0.0017005241210482397
0.003077860805788103
-0.0011955738335449528
0.03928344256295944
0.04240798629079889
-0.4149283723256361
0.024683981608390033
0.048657904326526294
-0.421020779689151
0.014901860482799846
0.03822483452688001
-0.35155256211243635
0.017445378077736873
0.028547692851594347
-0.2755723617766387
0.018265479324818635
0.02109323070405295
-0.20665083169436232
0.017618464808001635
0.014956218043670698
-0.14562126436921805
0.01567903469797286
0.009696020835039941
-0.0933155637930844
0.0010620712577430523
0.008471053549434771
-0.057438385906432174
0.007395741301539837
0.012515457703887766
-0.09058988664048648
0.0007694159951066809
0.01216572229503489
-0.09775170293054174
0.008108891701029021
0.016617321667307294
-0.13824268239170884
-3.6572506774284403e-5
0.01640225215929852
-0.14736140009367507
0.008255617392460168
0.021534990909369136
-0.19539386618593033
-0.0013916099969885638
0.02142516791094497
-0.20557682852895454
0.0077809325686697735
0.02737613542063975
-0.2612089515363685
-0.0032762678309817455
0.027558909510813093
-0.2714002990792064
0.006512619459648066
0.03408084987371125
-0.3343322798729938
-0.005659707142490955
0.03533743494099774
-0.3432682287573751
0.0070106307401557955
0.0042747344941668946
-0.008307309653819544
0.00626012811166651
0.0014373838755096663
-0.008441783891420364
0.014254034547278529
0.00847841219403135
-0.02586279709605768
0.011990712913332582
0.00434013113250271
-0.028060664147092993
0.020705326233456556
0.012693593687026394
-0.05367307475972056
0.026488634631636653
0.00818426743951982
-0.03446790609727803
0.017937134748138545
0.012504625400370782
-0.037715178985312604
0.041014839188350485
-0.038371439333091284
-0.14734701104575051
0.03852415699923063
-0.019260112664478937
-0.07829043639958455
0.0410155885802289
-0.00939319715111151
-0.08116860253834675
0.028930512732880744
0.0020910852383022407
-0.06611935100533767
0.028496322557161207
0.01891637412828292
-0.057198254925446446
0.050192112442775536
-0.03776667924949382
-0.20612884179781685
0.04796044370616622
-0.018711165221177817
-0.12784856530143504
0.054163325166464854
-0.027710238724220283
-0.19215250142175194
0.04282989032085139
0.0016296336184612407
-0.09385365945873676
0.05007101826717025
-0.0075156075117855685
-0.13323027817378733
0.03491476743068623
0.005097361502402974
-0.11539009442351049
0.027954152831876283
0.019464423310540383
-0.12005894602550961
0.058632530280698904
-0.035119336592416256
-0.27387720485463957
0.06237008873897861
-0.02442044640015436
-0.26208580750691507
0.045860041711344626
-0.0179959536581021
-0.3053970241390913
0.0511447575216822
0.004571449572720969
-0.149701064534852
0.0583434789968085
-0.004295736562129805
-0.1977131586511196
0.04011971996525319
0.00910086282726222
-0.1772185812048002
0.03184066676065601
0.023858738767857837
-0.1785124215516794
0.0663631026186158
-0.03082322337043579
-0.3515962087253808
0.06984381203212169
-0.019568308542107424
-0.34343859296105733
0.050782247091074435
-0.012463627166268258
-0.38816840296089056
0.058654926651370995
0.00835496847670428
-0.21802240314388738
0.0658647606990938
2.810334597094666e-5
-0.2748381461013776
0.04450585534251469
0.013916413836711298
-0.25157000376536276
0.034893724564591305
0.02870755091332052
-0.24785931048434323
0.07340464618781078
-0.024893031999248097
-0.4402419430858618
0.07647164658478074
-0.01296119061591448
-0.4371602245234627
0.054807615833715184
-0.005414219409010642
-0.48225260486674815
0.06548444960905161
0.012696581197099526
-0.2991029142146541
0.07273684431101894
0.0053583974716594415
-0.3654644270849864
0.048120346524777396
0.01931178613713898
-0.3390702185822557
0.03705255545781022
0.03349959453978576
-0.32779265856686274
0.07974888071442254
-0.01676067055048669
-0.54061003536725
0.08239056434565262
-0.0036742153402355786
-0.5441815968227326
0.05773938720063682
0.004027231639882995
-0.587810449043679
0.07194127902176323
0.017282526841615253
-0.39398613571553454
0.0794553262244845
0.011639243076812657
-0.47071880062863497
0.050971787569000435
0.02507839014900917
-0.4408952935889555
0.03881323102506933
0.036782231863871584
-0.4180910065588011
-0.0016154214517997594
0.000654079713602351
-0.0025914809250423957
-0.0012154073229803885
0.0008946682327789447
-0.003620869367783755
0.0028455391361090383
0.004244621951672087
-0.004174683994838527
-0.0023751756595997175
0.001257668471675375
-0.0026493637120180704
0.00016203148060553191
0.0009145073379289995
-0.0018684525712807445
-0.004542141581106582
0.002071719838080811
-0.008017349045653752
-0.0025489750328320498
0.004346856068647889
0.0005761187532990031
-0.0008248195603815607
0.0017778390889382966
0.0012596549570254964
-0.0003217755842982722
0.002388374432933712
-0.005546112325910605
-0.0042475317474350354
0.005130271239304816
-0.0012650526102673907
0.0031341218819195596
0.00452247561887433
-0.014968479598709698
-0.002765399833652106
0.002002403030091486
-0.018199768197202214
0.00614896854563749
0.007082692885132111
-0.018890486801725264
0.0007605177551349788
0.0035611114807205077
-0.015681089446991703
-0.008194204995691255
0.004495104315964611
-0.02718624910501245
-0.004552526810545911
0.0054958082818465145
-0.026859444742076674
-0.010300223624240332
0.008946897898197435
-0.008263988512427009
-0.01185159882904363
0.007861906630227278
-0.024498139001143282
-0.000782974768381945
0.005430639306378514
-0.02438791365692589
-0.008244748349276701
0.008310933439767399
-0.018562555911997732
-0.0049784375902951015
0.0034813886074637384
-0.04330121370131602
0.008809990887424545
0.009867191131268495
-0.0441750318928622
-0.012424097263307362
0.007339478684660011
-0.040786723993310056
0.0010419656642137402
0.006762455685572959
-0.040946190655613376
0.042947685095432515
0.0016259957273434462
-0.19244010102065554
0.048433241480739596
-0.015398009799175357
-0.34542671079587944
0.04241715869247205
0.011420115136008673
-0.212806621935394
0.04024316458391225
0.02183453878621146
-0.24467749973908645
0.05464236294428216
0.0003371951367619187
-0.4307963330684393
0.051477026029741114
0.012613385723728185
-0.35960080620964135
0.04335618164308841
0.026717741100056886
-0.32860600673730317
0.056910889025820956
0.009434803310845816
-0.5376206672824452
0.05426580803129034
0.01958603256004067
-0.4645694104845589
0.04604815727912967
0.03104060895933607
-0.4256164430645537
0.0008330989020990534
0.0023702471948935447
-0.0037387282670508742
-0.000979936181975445
0.0011236789595409275
-0.0019780464052278654
-0.0001043806474989445
0.0010764816913493298
-0.0012678827582877444
0.00459951481676161
0.0057151820752583396
-0.010244836803141116
-0.006454122963060353
0.0032843554817947483
-0.01630436401314332
-0.0027711828861730413
0.004850267393278017
-0.027158818254851457
-0.0062830648220975754
0.0066564126398689595
-0.024309227414055435
-0.000871023747852888
0.0057982190468785525
-0.03750990973322293
0.0031097799942442863
0.006816658518285789
-0.04086920219972181
-0.001044142022010063
0.007070243384350033
-0.038385053295523816
-0.0063333638496711
0.004590102161699789
-0.059929417896179726
0.0015144123281424448
0.009475052090990643
-0.07969406924057981
-0.005779601553136631
0.010948189241246058
-0.09552557862006698
-0.013732440730943216
0.013084700966518523
-0.0694431605423238
0.011655236560268192
0.015026464033168829
-0.10257659003720461
0.004083858625611742
0.014088646761557676
-0.11907254112931341
-0.02586215755124316
0.015698272333709327
-0.12013789223076587
