0.008739776219279283
0.029886318473795106
-0.5491424048722777
0.039624714756005416
0.016753838165974057
-0.6048712765496383
0.03715042235977458
0.027206959358718797
-0.5516350463569535
0.002889204374081441
0.03550604206603064
-0.5442766569098663
0.007779134934285341
0.005471387753793483
-0.012977855079173919
0.005016015039162091
0.0044020713878731845
-0.005622206357449868
0.0021893075750004406
0.0030761747452381595
-0.001990198763980972
0.00425043093688357
0.012924290777418456
-0.12993626279013926
0.00046825351131693873
0.014241003839589051
-0.13226884041065595
-0.0034924846444898197
0.011665984723665306
-0.1109002352596845
-0.0026227447923846832
0.009143719653945072
-0.08680963006519435
-0.001978496971542973
0.007182384307366075
-0.06501556691890545
-0.0015228253582899346
0.005572253160583709
-0.0457397736243982
-0.0012135894267358218
0.004205163578715856
-0.029229614890732152
-0.001003196487516994
0.003012000148184074
-0.015805295720418746
-0.000821950615733596
0.0019466636707651524
-0.005947968571917526
-0.0005390409985040648
0.001001042573865426
-0.0004023901183126429
0.015381542050984196
0.013316295379421616
-0.13030999923341183
0.01108753593124644
0.015331708115407875
-0.13263968436230456
0.007500444871193152
0.012073628389799895
-0.11101070461264263
0.007504489541227664
0.009053452497636068
-0.08699038205323673
0.007111605141281232
0.006720695736132903
-0.06522500566618661
0.00639668837997978
0.004792963149633444
-0.04596394206590416
0.005406584399193722
0.003133920412007903
-0.0294615498469516
0.0005843249677465822
0.0027500335820235147
-0.018158927122094975
0.0027027740832549973
0.004037348581943126
-0.028584153166774536
0.0007267095550729526
0.003926052249291679
-0.030891592803944833
0.0032163659507995455
0.005328069582325229
-0.04358557204297408
0.000812563701650601
0.005263442765982873
-0.04655123948624095
0.0036697468873089552
0.006862575225817409
-0.061560959205963287
0.0008408275599504085
0.006837331443579754
-0.06491996923048204
0.004051814520347469
0.008671016654283374
-0.0822549406593367
0.0008180978420240102
0.008747159748161776
-0.08568740929902362
0.004298616504873362
0.010730804462046242
-0.10525616513673473
0.0007390843844278832
0.011157775634970783
-0.10836943330654315
0.0022393308208430995
0.0013885132991741595
-0.002617269443249756
0.002011654517140943
0.0004865086678716461
-0.002668749792356113
0.004585608201422724
0.0027319709606317345
-0.00814298770653867
0.0039002476549798593
0.001429955206882805
-0.008848692280215746
0.0067291397636333305
0.0040708956675429685
-0.016891537372528298
0.008386031938139941
0.0025641648116879064
-0.010988573639022956
0.005706155721372586
0.003976236701653735
-0.011973854300385589
0.01409139741949462
-0.012617344693710465
-0.046108006084323604
0.0125370868715716
-0.006229698666266641
-0.024674752772465888
0.013201819684171019
-0.0030600229174284946
-0.025630457981727344
0.00921599601827277
0.0006207815432675217
-0.02096749983439825
0.009114595272247143
0.005996829793157006
-0.018072964234930263
0.017563810676773324
-0.01257980064936527
-0.06449892969143348
0.01580692680397663
-0.006105320999225152
-0.04017129282663852
0.018479921618560144
-0.00916598998645192
-0.06019904757034632
0.013738144318860966
0.00044713378587461593
-0.029604029953739897
0.01633487449834536
-0.002495660762123159
-0.041891347841377144
0.011324711700336174
0.0015590275223807525
-0.03639310355998277
0.009203101831690826
0.006157276829717951
-0.03781344508959294
0.020963567489522134
-0.011882846621360774
-0.08566408210210091
0.02173801299326493
-0.008223860735032618
-0.0820177023324564
0.01730334061862252
-0.006471201136961349
-0.09573097753200517
0.016665416796998716
0.0013535593039462012
-0.04703296659206218
0.019396102851477453
-0.001521315170998018
-0.0619957820158383
0.013355003066633045
0.002800247269036445
-0.05571527708796075
0.010796713428450072
0.007525093190316804
-0.05611260020656325
0.024331698601929574
-0.010660340440423355
-0.10991471997536563
0.024981867059093936
-0.006802884725130111
-0.10737347052505473
0.019890589429483997
-0.004851760901405192
-0.12160151300623025
0.019527360444847392
0.002510416023237864
-0.06832712131286454
0.022441186745814905
-0.00022185088470699218
-0.08601495348552034
0.015335970907398334
0.004277463398093943
-0.07892777612540158
0.01229505574611411
0.009021537603907332
-0.07780956022648083
0.02771030949705478
-0.008932952772571515
-0.1375526937248941
0.02822743365316403
-0.004863243179796026
-0.13656957521437205
0.0224379233976417
-0.002774898313518608
-0.15099197049180604
0.022409968661714907
0.003816932531793583
-0.09357521493430158
0.025563496059273952
0.0013533408669728529
-0.114213936350805
0.01733705105758662
0.005902687784341208
-0.10622532001569997
0.013702264371792743
0.010478988300972939
-0.10281562877485068
0.03113345841966438
-0.006545206782765539
-0.1688379355513603
0.03158694035938306
-0.002147467741143537
-0.16991351354516
0.02490705835488953
6.8097385793190516e-6
-0.18398329379069497
0.025477389615706413
0.005156298700310407
-0.12309327687080433
0.029000860078112565
0.0031615245891131525
-0.14693338586512025
0.01943635899363914
0.007589244701236137
-0.13797647750911515
0.015195187988826872
0.011432071487559821
-0.1310632182672925
-0.0005053274913364744
0.0002303315875679322
-0.0008129694899840477
-0.0003919521716479157
0.00032616456810565815
-0.0011470502455790876
0.0009034327295861936
0.001381253364707328
-0.0013137006903649376
-0.0007416925945644284
0.0004099603289072304
-0.0008345763437143857
5.901776465705261e-5
0.0003036668780258975
-0.0005913501254656436
-0.0014102445877299185
0.0006903629953866604
-0.0025317395595973267
-0.0008099645438878313
0.001387119303461845
0.00017105692364147046
-0.0002629845337954226
0.0005742742968020817
0.00038681069753945926
-8.11880943145703e-5
0.0007799866069470275
-0.0017681462356754427
-0.0013450935416899686
0.001649858164240762
-0.00042923183725482165
0.0010302736228497344
0.0014822496398364275
-0.0047221168150556585
-0.0008646174193777549
0.0007063024427680452
-0.005788876788009568
0.001969594688014233
0.0022942055593783675
-0.005978171324203622
0.0002978430619837598
0.0011689777524982166
-0.004960739670253653
-0.002495926885356317
0.0014848608234898854
-0.008609116331244735
-0.0013369123369963926
0.0017913023489843625
-0.008508136975755361
-0.0032435111012212563
0.0028656590127156267
-0.002666036561182028
-0.0036563784726265673
0.002531140105748398
-0.007797014853564878
-0.0001575007672140795
0.0017672884851772323
-0.007736406874247026
-0.00255821561965765
0.0026798392592901053
-0.005932019384637669
-0.001490367152225635
0.0011915899901856833
-0.013754903897262713
0.0028789521047406343
0.0031807404750711986
-0.013967003289287712
-0.0037610429750687814
0.0023825748112161474
-0.012938351103811176
0.0004951761221102731
0.0022024942920764864
-0.012947500022845553
0.0144852378373999
0.00038666513604315755
-0.06047333282049059
0.018604349630442753
-0.005712786335899717
-0.10824513050048425
0.014349305892696937
0.003514156819554594
-0.06682875315500048
0.013893712528095629
0.006809581306910537
-0.07678326121168418
0.021265839039861737
-0.0005837785626553555
-0.1348988972412495
0.01879003728004502
0.0036982101991339584
-0.11263182367497163
0.015660660384141958
0.008289921022848985
-0.10299104457877867
0.023465050500726423
0.0020815159732256623
-0.16826788484708755
0.020977279056425477
0.005732319205590674
-0.1453611632305414
0.01758488204617612
0.009553491943650955
-0.13326783338727613
0.00026117091133862996
0.0007893254188904301
-0.0011794691378486286
-0.0003020876679147658
0.00036898854094385985
-0.0006242470683993709
-2.645139576065281e-5
0.0003511569592078946
-0.00040828986213947775
0.0014650350886423742
0.0018555844046611197
-0.0032391930086238625
-0.001987034266797548
0.0010887364957938872
-0.005158260968196827
-0.0007812300906084022
0.0015954400400439073
-0.00858666547538702
-0.001897000891968128
0.0021529542353890298
-0.007724681369926837
-0.0001616160511765188
0.0019110855751153454
-0.011864226786990461
0.0011365984676666055
0.0022245679813733205
-0.012905132066637607
-0.00017740749249360767
0.0022949214174372364
-0.012164930807000348
-0.0018521278466356425
0.0015463220686287565
-0.019018317848280945
0.0007176483958663608
0.003071916893876747
-0.025212320619100507
-0.0013826464488681154
0.003550106118086132
-0.030203955133979006
-0.004036432998806608
0.004203804805238319
-0.022066215194280935
0.0040364374318431085
0.004807647866764851
-0.03235453754449499
0.00187836987878712
0.004538154627050078
-0.037579291722906624
-0.0075187461547720795
0.0050313791211472475
-0.03813930815255181
