0.004500543275178956
0.007109202581222441
-0.13531997514063288
0.012587464177107464
0.0037702859027024336
-0.14890975491104716
0.011531973589267431
0.006438136968266748
-0.13574700139181972
0.0032121103131827894
0.008507363510253727
-0.1341121377640431
0.001928739270501977
0.00135369808375122
-0.0032134590380502787
0.0012428697212293089
0.0010906066148274965
-0.0013966876617818532
0.0005436143228028459
0.0007636079922715205
-0.0004960407633008279
0.001303016419148919
0.0031836666966748844
-0.03204381226055279
0.0003958942644551046
0.003512214007074122
-0.032632365246295376
-0.0006229076665045021
0.0028811820912204183
-0.027373640565629465
-0.00047674912286473916
0.0022614182782822643
-0.02142739049868181
-0.0003737209490642873
0.0017790738708214856
-0.016048353612419883
-0.0003052190056252883
0.0013825256913404548
-0.011290792883049553
-0.0002614346140154648
0.0010452183230561561
-0.007215685972573911
-0.0002314009463470942
0.0007501223073126218
-0.0039022302360537504
-0.0001989289024526342
0.000485704938914118
-0.0014692296910052414
-0.00013334390732934869
0.00024984444153841563
-0.00010013111588151118
0.0040494253052332
0.0032790586668022237
-0.03210683316901623
0.003017005406170848
0.0037795366095284832
-0.03269822295801321
0.0020892348985840177
0.002978548280096991
-0.027374433574681133
0.002022031559994435
0.002236207132742929
-0.02144951189825293
0.001869464909229775
0.001662365314633133
-0.016081880842720168
0.0016494236463017269
0.001187603925336768
-0.011332271410561475
0.0013727341301844728
0.0007785192997951926
-0.007263146201721529
0.0001657666989259651
0.0006858672379538315
-0.004483293705539016
0.0006992320688257123
0.0010047529394540985
-0.007059162230694791
0.0002211035563696352
0.0009772204109836625
-0.007625908233244001
0.0008506622463061482
0.001323256305378344
-0.01075930325318183
0.0002714971940091806
0.001307609363595793
-0.011489847880027828
0.000997229513714112
0.0017008155659299145
-0.015190685723244777
0.0003175526512917432
0.0016954155504184274
-0.016021051325058558
0.0011367382546567644
0.0021445503003917404
-0.020290738186099343
0.00036095905672388785
0.0021649435190548177
-0.021143033210992188
0.0012526496726804912
0.002648553574280986
-0.02595923568657272
0.0003991768560752307
0.0027565855820638795
-0.026736918197300452
0.0005555248921401394
0.000346037860636746
-0.0006463431148004531
0.0004995156048686505
0.0001226508763768116
-0.0006588303039703854
0.0011401588390152417
0.000678888775743858
-0.0020101001883758903
0.0009725176220557716
0.00035754299307355104
-0.0021826555310823135
0.0016785902314151876
0.0010098296468307808
-0.004168321196418336
0.0020747360259575354
0.0006316708303794808
-0.0027279508450521123
0.001413874895082104
0.0009844999135331703
-0.0029674639121819867
0.003578105625655232
-0.003158344308789134
-0.011350183210283646
0.003129804118344982
-0.0015509580193989307
-0.006092980602917579
0.003283906295506478
-0.0007635385880074534
-0.006335726555629891
0.0022846455687244483
0.00014998506538905313
-0.005192963713992653
0.002262355962203076
0.0014829626389344995
-0.004470065188848603
0.004484184132662852
-0.003162152359111466
-0.015877851802264167
0.003962022176607328
-0.0015243988631707592
-0.009908697580194735
0.004682210881645625
-0.0022989996621408278
-0.014828922416009652
0.003413153327721507
0.0001047978506707261
-0.007316491753493372
0.0040807559761752415
-0.0006266353397308724
-0.010338122409578028
0.002824030692495223
0.0003807456283727376
-0.00899308514097615
0.0023057942398197074
0.0015215859815837433
-0.009337779505665524
0.005385442814152275
-0.003001990208647482
-0.021085375444697293
0.005542715147216495
-0.0020746689396414475
-0.020195049515852725
0.004513065369613496
-0.0016654543522706532
-0.02358123055875035
0.004161295433238433
0.00032662719126950253
-0.011604662778976727
0.0048742815154672655
-0.0003897033597788727
-0.015282217662494112
0.003357924068045666
0.0006853134874027616
-0.01374875407983855
0.002730078324241791
0.0018576374169743837
-0.013843447253851313
0.006294807527738567
-0.0027117044394158775
-0.027048665294824772
0.006417668878224929
-0.0017333663027434183
-0.026427726913780508
0.005238772844025017
-0.0012765164151326668
-0.02994611785128907
0.004908852775730879
0.0006089711082653215
-0.016840006981928203
0.005682040226097523
-7.449665505754842e-5
-0.021185246180710843
0.0038969706963569227
0.0010464386724062737
-0.019458407724828146
0.0031448237223289733
0.002224201151794988
-0.019183343312680717
0.007225725768824875
-0.002297737990593784
-0.03384187336054719
0.007315358516723587
-0.001266991763288075
-0.03360166210697469
0.005974962305211971
-0.0007764541857104606
-0.03717439332783841
0.005680961462081846
0.0009260207739878171
-0.023043906598134902
0.006532159218575626
0.00030526174007075693
-0.02811165075375023
0.004462840266127595
0.0014411755562329528
-0.02616947576131858
0.0035530418661511246
0.0025793516051999302
-0.025336073161881054
0.008189757125367672
-0.0017236787437018928
-0.04152955058667658
0.008269334421206151
-0.0006148456951973764
-0.04179322089615056
0.006714368046541433
-0.00010658936500701133
-0.04528815897966256
0.006523686264024978
0.0012474709312700252
-0.03029280289633276
0.007490077952837571
0.0007369611270035171
-0.03614361322512753
0.005081097841023554
0.0018463845896431466
-0.0339722192292689
0.00400016706763263
0.0028075505251109033
-0.032285024262639045
-0.00012448179460110834
5.907912060017942e-5
-0.0002004941979750687
-9.779825364274927e-5
8.45188452735476e-5
-0.0002843330549247165
0.00022365478207777385
0.0003447476238212944
-0.0003248004361229353
-0.00018230347848714856
0.00010255039603124858
-0.0002057170726610171
1.5254948751763669e-5
7.629912118199389e-5
-0.00014601410261981374
-0.0003461488976410845
0.00017399097607138838
-0.0006252325797441449
-0.00020011710900072485
0.00034386538487852434
4.1845067006818676e-5
-6.51912720268596e-5
0.00014300649060903974
9.502062714424758e-5
-1.8295049387376733e-5
0.00019492628108005718
-0.00043713800979048396
-0.000332223931787668
0.0004102286290078116
-0.00010715566633492815
0.00025804024118628434
0.00037082933901386064
-0.0011666267342238601
-0.00021305482170921134
0.00018135727147363813
-0.0014352979378969549
0.0004890930389411279
0.0005717364453616479
-0.0014796795889596218
7.854459303335971e-5
0.0002926192489450468
-0.0012249334127384032
-0.0006083284205570241
0.0003732727517528114
-0.0021280435314459446
-0.0003212092477470507
0.0004477689977986463
-0.002101894683484285
-0.0007992585742611077
0.0007118399551372704
-0.000660470101589494
-0.0008945890075689548
0.0006303032708676881
-0.001927781182877472
-3.116204794709198e-5
0.00044113693583640106
-0.0019106406937271793
-0.000627362308215705
0.0006672019916166313
-0.0014666955465767605
-0.0003610842059805733
0.0003032181273414503
-0.0034073307445919034
0.0007197212423922522
0.0007913836354377003
-0.003454426230008746
-0.0009142155569048756
0.0005953569211170216
-0.0031980231603716516
0.00013662487579923677
0.0005499032378787002
-0.003196791516851276
0.0036573305834578657
8.4600911034695e-5
-0.014918519097654147
0.0048754064911694355
-0.0014834978039469922
-0.02666043745449015
0.0036259797600808564
0.0008600494586909213
-0.016482801804429438
0.003532294125533118
0.0016745091277941145
-0.018930745887605467
0.005591402661756951
-0.00020332196459143932
-0.03321825774098725
0.0048551474221291465
0.0008890675930113065
-0.027744106946479618
0.0040340544936576924
0.0020348493548314308
-0.025375667947082205
0.006258753529550597
0.0004373240862255641
-0.04142350502479573
0.0055041684453833225
0.0013773409348741144
-0.03578710943273197
0.004598780839278175
0.0023382926433099696
-0.03281822418486101
6.426506727476339e-5
0.00019860772821460277
-0.0002919313592663103
-7.390669014618452e-5
9.246476626394665e-5
-0.00015397025783220222
-5.973905533525067e-6
8.772657010070943e-5
-0.00010118950836936993
0.00036309593738647375
0.0004627884342260558
-0.0008017534438603564
-0.0004862169434390003
0.0002739597970588827
-0.0012746669669780563
-0.0001847275402742646
0.0004000432978045612
-0.002121352073999323
-0.00046050187467603547
0.0005366901916539872
-0.001908858476001198
-3.0064455326551208e-5
0.00047948539001365487
-0.002933179930935121
0.0002940793994257957
0.0005557653960865332
-0.0031867485197883765
-3.0685190017297864e-5
0.0005723441962747611
-0.003003818474289056
-0.00044460775254437276
0.0003914688611248713
-0.004708818470995342
0.00019813294128555222
0.0007664565513814937
-0.006235041158875265
-0.00030307955175685086
0.0008860550791505902
-0.007461012172290394
-0.0009702613043929468
0.0010456176727815592
-0.005451305643552405
0.0010277567147440568
0.0011931300550401755
-0.007992088666399269
0.0005145062626728675
0.0011288492537946141
-0.009276543411890156
-0.0017994076879868654
0.0012518257604871958
-0.009425591600283433
