-0.18766003201911544
0.17013255975900718
-2.625732492988002
-0.08674229261934437
0.11622586523273438
-2.907530186043201
-0.05601623822292581
0.15782689878621167
-2.6554868773788245
-0.22938162989555594
0.19588025597848874
-2.591000587756491
0.0366469720312558
0.025917893321811134
-0.06195188396319454
0.02376121390408982
0.020733079286678377
-0.026520173477396648
0.010297786444031872
0.014358307000575788
-0.009253652732169515
-0.004533682514032451
0.06280920607625268
-0.6234143346404096
-0.024838492026973125
0.06878682560914888
-0.6305235151968153
-0.03960387025736143
0.055951007461332886
-0.5252803393040212
-0.0288904758031645
0.04355059074147492
-0.4112609915031638
-0.020445565631530847
0.03394420377259642
-0.30794504263940703
-0.014051945855734636
0.026112130699459453
-0.2164856605029393
-0.009455532278048993
0.019522108866312567
-0.13812728682052097
-0.006354846173386205
0.013839561579470198
-0.07443618235000433
-0.004318288500716692
0.00885803605810389
-0.027743755626945782
-0.0025608205719288984
0.004549430129391462
-0.0016415041062256626
0.04849605650044161
0.06414621311869889
-0.6279948330797716
0.02551108281466669
0.0733915808784648
-0.6347383345802048
0.012613834196495484
0.05753719674246871
-0.5283431215167514
0.019247884548371324
0.04282022419188936
-0.4142869072901081
0.022774553488978302
0.03150837705409134
-0.3106956527332242
0.023594484891373363
0.022225277535202627
-0.21889195649089116
0.021996434476908328
0.014297849996205467
-0.14017922925519652
0.0007313266021755253
0.012541208633256916
-0.08644087921214595
0.009857293092208686
0.01861595846093829
-0.13689438841276397
-0.0005358854268320486
0.018095734893419327
-0.14715676292386637
0.009898410539681346
0.024835211576292354
-0.20893558932305428
-0.0029507700650505168
0.024505358357214062
-0.22188993175582686
0.0086571382037946
0.03233842115657855
-0.2953446081207293
-0.0066022853522566425
0.03214674968700269
-0.3095837723180005
0.006030529858518013
0.04130166557413815
-0.3948239752000083
-0.011459811488850846
0.04151978485415345
-0.4087046276981155
0.0017979197097651638
0.05164594019870558
-0.5052673681399963
-0.01741905091934388
0.05344237033909579
-0.5168528832993562
0.01050506649054646
0.006306127721091653
-0.012585531413678441
0.009309718098836092
0.002039890651070047
-0.012701424077324384
0.021231687176632905
0.012578266367220092
-0.039179422408485036
0.017669758264662733
0.006306028173707477
-0.042304895952453625
0.030582568500610592
0.018892456910125522
-0.08129594320471242
0.03998704973127901
0.012430431703128365
-0.05194327755511355
0.02696414502425935
0.018783236448648495
-0.05696166491414078
0.05786162415575766
-0.056110551711597415
-0.22385932171683395
0.056906502823466876
-0.028536380328318296
-0.11852505728958931
0.06111100382611098
-0.013833752355602056
-0.12285251039414052
0.043449304950594424
0.003298756804544661
-0.09988165775690726
0.04265071011433887
0.028462987793697877
-0.08660503689012375
0.06962670953038572
-0.05464543305916818
-0.31321555295283965
0.07009769355700382
-0.027529686819797672
-0.19396519716637656
0.07685850692620157
-0.04033080403757084
-0.29189658711262867
0.06396153210322784
0.002706700217523028
-0.14222901058033569
0.07377253707224829
-0.010897320814761684
-0.20217027155669084
0.05167800336022088
0.007877761570973751
-0.17482446832599835
0.040853905067086825
0.02934401733981679
-0.18196637448498373
0.07967945023807448
-0.0501509420730322
-0.41628675949638483
0.08679912168670996
-0.03501720855971041
-0.3984124689913906
0.059052877277736567
-0.024334886343313576
-0.4634511569023163
0.0753872979387316
0.007224943467163804
-0.2273346006229884
0.08459418042273713
-0.005885002410242138
-0.30047016246728153
0.05810683016391077
0.014006897071157355
-0.26891468942064206
0.045368393071200906
0.036048679354202286
-0.27075017954718916
0.08794707895387009
-0.04318527369550017
-0.5345845847771836
0.09482777396954105
-0.027291427313429224
-0.5223487031201001
0.06271245346241751
-0.01552016076014352
-0.5892570558071366
0.08489430367649095
0.013070096316075669
-0.3314668291600697
0.09345885297148601
0.0008804612755544161
-0.4180553498710271
0.0625255276468953
0.021439086860968064
-0.3820605140050937
0.048009844660855346
0.04349620934936475
-0.3760524522511219
0.0943361343946991
-0.033710202071690815
-0.6695324503811416
0.1005887634543124
-0.016782731099964848
-0.6651012820257134
0.06412959834523779
-0.004330859524324786
-0.7322485155360556
0.09250014467519016
0.019857481515811588
-0.45503998756811037
0.10029645973832188
0.009323448745417467
-0.5562194362295787
0.06480584904848102
0.029879636544326998
-0.5151962678438887
0.04860507772469232
0.05093753491770389
-0.4973731511721768
0.09870538035005208
-0.020778175209005708
-0.8222807277926836
0.1040428649935821
-0.0019665158615899112
-0.8279874238030958
0.06293313209101195
0.010659876883712572
-0.8925369471881002
0.09842316377655043
0.027181753397609195
-0.5996543232043318
0.1055547861260839
0.01945558638300401
-0.7166825144186958
0.06468544628872815
0.039092222528775686
-0.6700800021160263
0.047833668810097235
0.056202777205314365
-0.6343671205722361
-0.0024605923784279077
0.0009125446440758266
-0.003940246732163704
-0.0018234590104750025
0.001209145378382205
-0.0054926163925752445
0.0042822086959413705
0.006268870365971727
-0.006358658058923015
-0.003605657475314968
0.0018650857290399443
-0.003993771879739517
0.00021716364194187052
0.001330113438979775
-0.002807320613803811
-0.006937072884326352
0.0030225233354353644
-0.012098711220964245
-0.003809900897185823
0.006511878851464934
0.0009365416080249535
-0.0012372974796699765
0.002641866155725352
0.00196330447610937
-0.0005566483829200519
0.0035193886960888003
-0.008257674614147533
-0.006380177797282638
0.007649140015310609
-0.001727862908032189
0.004589958601250948
0.006642974799048849
-0.022652439454262784
-0.004224712495737464
0.0027941213193689303
-0.02743285518028958
0.0091904412552209
0.010498285351797991
-0.028583843060373718
0.000946669481802947
0.005226186548944925
-0.02358149264088752
-0.01268096041623925
0.006609167979513004
-0.04093352722634208
-0.007207714208663607
0.008133127911228373
-0.040356193157819215
-0.015520252488159655
0.013396087652487487
-0.012121047058407861
-0.01813105233982307
0.01175340154640257
-0.03659190978765532
-0.001492707600410283
0.008023821901413718
-0.03651825967710893
-0.012567885238542721
0.012381898305163919
-0.02752978803527442
-0.007817477610539119
0.004987850255775231
-0.06524849174211923
0.012961169450962925
0.014680797173022
-0.06680458880697174
-0.01928320675944329
0.010927784775149189
-0.06122065236147635
0.000991567456619899
0.009986041477140602
-0.06160913402949099
0.06153797707874728
0.002909970349477446
-0.29200656726002083
0.06115451934641802
-0.020188527468894275
-0.52429072994586
0.06058157999035886
0.017576978283643904
-0.3230711371621875
0.056419169544950555
0.03327668218936831
-0.37148830364805596
0.06794782782359149
0.0030008607908195775
-0.6542967924688506
0.06847382410297437
0.020088415722429833
-0.5464158872153779
0.05822524164938605
0.040879944295517834
-0.49908111712850417
0.06594897026528382
0.017507687680706336
-0.816576907440718
0.06786636176986792
0.03124594599245565
-0.7060936188331676
0.058330765385420695
0.047787886288993435
-0.6465345580094202
0.0012585386996953657
0.0034429270003165295
-0.005687793084697694
-0.001501198411906349
0.0016536211923943887
-0.0029776644219758532
-0.0001802643524707046
0.0015878178409677217
-0.0018678206350419238
0.006904482410266761
0.008455780865196673
-0.015526621390435986
-0.009915105917389852
0.004813143045046584
-0.02456843464015624
-0.004507645160824463
0.007128628758458606
-0.04094295857439849
-0.009757546306537761
0.009901990939699202
-0.03635279427664523
-0.001716845875839387
0.008506884351743741
-0.05662214634012471
0.004149864651071925
0.010049525846962845
-0.06166428351810765
-0.002104111787274942
0.010467536536379095
-0.05754506606022742
-0.010092727884218548
0.006659648581425008
-0.09032851356491764
0.001434066767211513
0.014075139250079985
-0.12035643370229128
-0.010270136827203085
0.01627925099146816
-0.1439393775517661
-0.021717384680133192
0.019566423440861506
-0.10377038907322549
0.016320228713124094
0.022487850787169125
-0.15520495234890927
0.00407981962726362
0.02098527625405641
-0.1796482858149183
-0.041197133531669324
0.023600628618490684
-0.18001075050794138
