0.002261739723325507
0.04845610401650437
-0.8669744507382859
0.0486791459772208
0.02820741790143554
-0.9556774289488504
0.04694729175163561
0.044271003170280744
-0.8718243473825458
-0.007729161653103938
0.05726661085936074
-0.8591545632222978
0.012233105818761147
0.008615764908269019
-0.020434006077894192
0.007892515723964412
0.006925054475156637
-0.008831770607214408
0.0034397177028020333
0.004832152871211872
-0.0031187465928222144
0.005458536574880944
0.020422232531674668
-0.2050881581570632
-0.0006352276080692082
0.022482051182000775
-0.20866366063568198
-0.006680392985943674
0.018396936751433713
-0.17485784950334424
-0.004972886457191736
0.014404006247717583
-0.13687504205466933
-0.003682407239552543
0.011301067842133663
-0.10250934998172004
-0.0027482893731420725
0.008756544620646593
-0.0721135409218159
-0.0021011551614445287
0.006599095688643214
-0.04607901228862156
-0.0016620787913995795
0.004719529540511691
-0.02491082008570881
-0.0013161293800197328
0.0030458784397027843
-0.009368233376786644
-0.0008490326975231968
0.0015659475324392134
-0.0006277845438702998
0.023017122042644535
0.021037508177425578
-0.20582045893701328
0.016109013151996737
0.02420016303151315
-0.20937409658970876
0.010658707406915192
0.01904597432391411
-0.17516166357120536
0.011000532087352662
0.014267449966339128
-0.1372702759825377
0.010654313332927767
0.010579032562493762
-0.10292865333685168
0.00974097312637128
0.00753388918930455
-0.07253493289775702
0.008337995111993131
0.004915783395017033
-0.04649275031005814
0.0008165174039563775
0.004304107947954443
-0.028633931972030516
0.004107281575362282
0.006329496318586818
-0.04507816707053903
0.0009422880452179821
0.0061542375075416145
-0.04871640923612845
0.004796521306838737
0.008366287451216436
-0.06875493208465801
0.0009346411046243904
0.008262844539603784
-0.07342014273831225
0.00534141683572335
0.010793182466222198
-0.09713477538712337
0.0007876150185456984
0.010749254329825035
-0.10240215887431277
0.005721780321880768
0.013659336319175642
-0.12981210931580237
0.0005113350632915188
0.013771535681628855
-0.1351716935074989
0.005840560428212548
0.016930718369789106
-0.1661314141306493
0.00010359610967004087
0.017591225611330415
-0.1709616535845413
0.0035196411837582335
0.0021737694295094084
-0.004128317125317156
0.0031582446488842785
0.0007542343636788012
-0.0042084095464620126
0.007194371092529233
0.0042863172687142214
-0.012847488024707006
0.006103636196541816
0.002231728171922883
-0.013962766198580149
0.010530050839855672
0.00639537945851319
-0.02665552594369133
0.013209974577113676
0.004051482761751838
-0.017269652524316476
0.008977660773359347
0.006258057567002114
-0.01884122661375722
0.021741254370538473
-0.019687392318293133
-0.07288505094365937
0.019608840278467283
-0.009761971802785874
-0.03891999879367585
0.02070733790575329
-0.004786459606525625
-0.040400052488759206
0.014494426138552813
0.000995328378798817
-0.03300657761289042
0.01432036552016628
0.00944654822644719
-0.028478668719610935
0.026977751919641874
-0.01956404281857398
-0.1019558181516099
0.024643862532811492
-0.009545433988868868
-0.06341554269468992
0.02856220900217201
-0.01427995463230939
-0.09511905154956761
0.021568799392473272
0.0007329710656973369
-0.0466734764349359
0.025534122431534457
-0.003884524113504038
-0.06611148625945186
0.017728365547107022
0.0024794414864351957
-0.05738140162267823
0.01435304184665899
0.009704566383368016
-0.05964784884436345
0.03203409883383987
-0.01840667907133089
-0.1354262409975059
0.03342357147059233
-0.012753717890842897
-0.1296343737422577
0.026106923637781464
-0.009874254167623133
-0.15125297168531965
0.026060134799220005
0.0021719483048808245
-0.07423925084221288
0.030175711883444995
-0.0023302176879042903
-0.09791888911480427
0.020769621017476647
0.004446263394715136
-0.08793191375456083
0.01671424756789
0.011869826356646466
-0.08857004676844188
0.03696131177526881
-0.016422473116219583
-0.1737908033711612
0.03817303800004923
-0.01046626415314467
-0.16975913700438777
0.029758002789520024
-0.0072670942412342175
-0.19216314533054277
0.0303709162199241
0.004012274940768909
-0.1079339028837387
0.03470099704604392
-0.00025342027950468575
-0.13593518540364563
0.023646872759787312
0.006793679411670818
-0.12464741875004469
0.018855790190134735
0.014244067964008603
-0.1228713572033103
0.04181084370385483
-0.013637408345814747
-0.2175265393052526
0.0428142777332823
-0.00734618873880493
-0.21597130147619373
0.03324535490492382
-0.003929688142507212
-0.23864958044467266
0.03461735696793854
0.006099629421355048
-0.14789899718024915
0.03923196476966772
0.0022755818691017893
-0.18058227750480108
0.026447092281867226
0.009388964734351758
-0.16783726985016828
0.020774394438813265
0.01656555508413161
-0.1624089506078069
0.046620972830669655
-0.009796476568013714
-0.26704070472517477
0.047495469349776595
-0.0029732129539222934
-0.26875204055813856
0.03649817202012634
0.0005400912801943458
-0.29082850929341736
0.03903073641213564
0.008257066558607586
-0.19463972614978559
0.044110172254678795
0.005199652623072946
-0.232405432725566
0.029262274589328497
0.012104016426084361
-0.2180852176355357
0.022740353249474404
0.01810333400349692
-0.20707554256306696
-0.0007985878058879815
0.00035278031667844634
-0.001283714957770934
-0.0006138024645822534
0.0004953708033387798
-0.0018052215255482682
0.0014222544294872094
0.0021605544542354924
-0.0020714185333507054
-0.00117347265279449
0.0006405043675400427
-0.0013174665140578403
8.974839787919668e-5
0.0004725035608564854
-0.0009323107457815851
-0.0022340609656543078
0.0010723357224341529
-0.003992277087857669
-0.0012760325525432161
0.0021810925094261336
0.000272873928580104
-0.00041356271112041925
0.0008999458412507098
0.0006133945295165527
-0.00013662614034186366
0.0012188611798261387
-0.002783709085656377
-0.0021202454541964398
0.002588514542095757
-0.0006681158586835664
0.001607294088416783
0.0023142171995698168
-0.00744589323824306
-0.0013662157900959978
0.0010810870347136427
-0.009105218336399159
0.003093433311979633
0.0035928913921799257
-0.009415521644904955
0.0004453139816466599
0.00182432236706889
-0.007821292671628451
-0.003974808273016177
0.0023113381298013945
-0.013565809531720324
-0.002151325715643076
0.0027995571864435995
-0.013409415812897438
-0.005121147394198701
0.0045000382461786856
-0.004187795758573449
-0.005804632280234881
0.0039680736136607515
-0.012277463999349836
-0.00028621738657060665
0.00276424176747939
-0.012192631359985094
-0.0040545574102596425
0.004200805559121515
-0.009336176520840834
-0.002384177770740086
0.001837431563678375
-0.021646505605459467
0.004498148319645648
0.004987561869093113
-0.0220072414359695
-0.006000787452266111
0.0037259707750059504
-0.020383763253393854
0.0007107942790851363
0.003444240905586873
-0.02041538466862687
0.022452314315643488
0.0006628918911161803
-0.09545815695869989
0.027955697324107538
-0.008652333803959982
-0.17104062090109587
0.022226270203779416
0.005579681980894609
-0.10550852581523484
0.02141367072160382
0.010773180356704784
-0.12125460875004725
0.031862271387949566
-0.0006314423918458243
-0.21319428047096733
0.028573742308063386
0.005950283369870578
-0.17797417027249698
0.023875912685311244
0.01313310635802435
-0.16271082213353938
0.03471547956907528
0.0036575642109994365
-0.2659778278417422
0.03148286268216416
0.009227100257357707
-0.22977084178478555
0.026466260917370022
0.015167709439133608
-0.21061460138443908
0.0004128507391953931
0.001227042179886779
-0.0018583458824668936
-0.0004796263695309527
0.0005755556423911867
-0.0009849604154782436
-4.44496478504567e-5
0.0005488972118663508
-0.0006413660886545566
0.0023043919026610464
0.002904209938827133
-0.005102201613957013
-0.00315508189514866
0.0016933197949987463
-0.00813005882096434
-0.001271717515288996
0.0024874568524441507
-0.013536100462793436
-0.003029370434970984
0.0033718288684115474
-0.012168657399999835
-0.0003027011885986171
0.0029780959092146012
-0.01869629504732297
0.0017270680722732718
0.003477004992643575
-0.020350855629890603
-0.0003439948810519662
0.003591942337726103
-0.019175625381106325
-0.0029827236180183887
0.0023941721782660833
-0.029939539423989473
0.0010304619384119754
0.004807834938305561
-0.03972500196606149
-0.0023671663136761905
0.005555291008183448
-0.04761593282343941
-0.0064935908480113535
0.006595215211016661
-0.03476498829946841
0.006214919531433063
0.007553478934678807
-0.05102158480244523
0.002714467994175335
0.007117247968440432
-0.05927326746678611
-0.012133688176771691
0.007894725394494647
-0.06008506962851412
