-0.1340307484548003
0.14560600275034977
-2.309475475179998
-0.03892087230830296
0.09707310005714097
-2.555133991345008
-0.017565757088930142
0.13476118312359933
-2.333286755503047
-0.1691222533136058
0.168394864414418
-2.2815844901780347
0.0322542550590623
0.02280066218848259
-0.054372411207186576
0.020889361942863123
0.018253535585444184
-0.0233060627741431
0.00905928135327271
0.012657495004602214
-0.00814785410774051
-0.0006211231549266019
0.05500812331448578
-0.5476281187469906
-0.01822455335960807
0.06030016574897703
-0.5546740190160009
-0.03178998720928878
0.0491005147916811
-0.4627358284767988
-0.02323599946992137
0.03825886201313409
-0.3622708057081379
-0.016520821367499796
0.02985596863336073
-0.2712719427817495
-0.011457660710849067
0.022998221800025805
-0.19073585905247067
-0.00782923937949183
0.017219957282144496
-0.1217429027699715
-0.005379911078278045
0.012227791351054524
-0.06565989785587903
-0.0037433636304873424
0.007838580959063758
-0.024527950335637476
-0.002251525210669646
0.004026494464554403
-0.0014992396446600672
0.04603387080915644
0.05631685138556616
-0.5512841374091619
0.026118779196135523
0.06450120018343451
-0.5580581784711243
0.014187437782296634
0.050604986589875396
-0.4650933910941056
0.01914017181497852
0.03771017805813512
-0.36464365875650545
0.02152033315478283
0.027791075214972018
-0.27345675264755204
0.021676386217894805
0.01964143585178814
-0.19267286473754097
0.01985468992646972
0.01267226614715579
-0.12342048390846391
0.0009162825504084392
0.0110927226472186
-0.07603821838162865
0.009072749566746995
0.01643827599825744
-0.12021533866007456
6.249709935395595e-5
0.01597828746221935
-0.12943314977256254
0.009436681735576902
0.021891910244658322
-0.18347804733250417
-0.0016822999384554236
0.02160301010176945
-0.19515217424395512
0.00880918649507728
0.028456540646084584
-0.25935972136574553
-0.004385429484940472
0.028295404735671242
-0.2722726772230198
0.007105803763545957
0.036282600639937705
-0.346733157063643
-0.008020780415483477
0.03649149595997939
-0.3594569736943343
0.004119743423395065
0.04529727257157654
-0.4437667691156113
-0.012515427856063506
0.04690626142841016
-0.4546098060238927
0.009252396335395117
0.005586703145803729
-0.011040232258062404
0.008224147707792428
0.0018338677854868608
-0.011173855736757702
0.018741506994480104
0.01112096308543335
-0.03437186673444195
0.01566100929348948
0.005619413306840214
-0.037189918044977455
0.027079960744969083
0.01668463049190152
-0.07132854047719256
0.03512330945890627
0.010895255113145185
-0.04564063070408532
0.02372155139309169
0.01652934908043355
-0.050014141776389805
0.05211255896558138
-0.04986659690750239
-0.1962174778653581
0.05038123461593853
-0.025239188386289437
-0.10400843646643636
0.053934650430978955
-0.01226301186944928
-0.107805262531868
0.03823643480422763
0.0028526589403487126
-0.0876998435502693
0.037582337204248105
0.02503336885457955
-0.07598014532509448
0.06311208254908326
-0.048754856386471146
-0.2745239876880722
0.06230488524145754
-0.024411656473007328
-0.17008083742633104
0.06907161492848325
-0.03590492074202999
-0.25585410589674545
0.05640595375444485
0.0022987557231098576
-0.1247480212229841
0.06538003343958375
-0.009716068770570359
-0.17725315202913997
0.0457224633022468
0.006861912309273429
-0.15335519777044887
0.036317690289423506
0.025789416616818245
-0.15960606325121757
0.07279928377337437
-0.04496481589560618
-0.36482585626791225
0.07858452857033278
-0.03134770272707522
-0.34913479972329814
0.055103843430004296
-0.02227468549455895
-0.4063961650893421
0.06680456850499802
0.006243298858585305
-0.19926000164109628
0.0754197281970591
-0.005361366433004153
-0.26330900029659576
0.05182648439764337
0.01221845089233767
-0.2357770338138172
0.040715507781923184
0.03165632903877001
-0.23743766840084818
0.08114581326589689
-0.038998558063639666
-0.4684543315124374
0.08667468555170003
-0.02468887474203937
-0.45766830037175177
0.05951755692660096
-0.014679272044612411
-0.5166612423856884
0.075742510204726
0.01133540344175186
-0.29043155467399073
0.08400305069175712
0.0005055875030609161
-0.3662507978200494
0.05641139378926465
0.018694730675849026
-0.33489894987628105
0.04366324404038061
0.03815742941436446
-0.3297647073317606
0.08810879953322075
-0.03084195253899457
-0.586667692508184
0.09308818252331982
-0.01562854904117711
-0.582694708349908
0.06224358117063398
-0.005025559689361359
-0.6419972996805815
0.0832888948303648
0.017223044492223734
-0.398633469822041
0.09113955696783113
0.007795193972483702
-0.48721810727528847
0.05942782030119902
0.026013824219872556
-0.45154668558904726
0.04503423313454926
0.04462741603301966
-0.4361599262318134
0.09360458989239846
-0.019691542548971624
-0.7204940690565907
0.0978680914083554
-0.0028685259072516525
-0.7254023527843512
0.06297816129538898
0.007906058048153376
-0.7825456283044975
0.08971396577515366
0.02352802254833921
-0.5252654875210613
0.09731822509058062
0.01648665857295323
-0.6277188734575296
0.060732687132049205
0.03394282943317736
-0.5872723433818967
0.04544705846107716
0.04915288233043924
-0.5563235128749904
-0.0021543261590800263
0.0008244206852295362
-0.003451833912767078
-0.0016043052248374146
0.0011056811814968053
-0.004813858999286711
0.0037657610514639154
0.005550158830442815
-0.005565005187766112
-0.0031619606967279654
0.001647983452084848
-0.003511284539858233
0.0001993855714507202
0.0011840956795026733
-0.0024710380393435966
-0.006069333181547032
0.002686302780687852
-0.010630274108702167
-0.0033604706500059006
0.005736258121942472
0.0007995570833836371
-0.0010893046896119157
0.0023336948703411593
0.001703576422864788
-0.0004668222437752203
0.003118269876114904
-0.007294694963913243
-0.005616383316826713
0.006748848680645295
-0.0015810311433730319
0.0040766173348370125
0.0058928689204436665
-0.019879212016853248
-0.003694511745870402
0.002523907272011223
-0.024104978757169576
0.008102252997221015
0.009282442695805715
-0.02508128844241267
0.0008948159598163731
0.004637364468720298
-0.02074933518579559
-0.011043442165358916
0.005857032942388599
-0.03599538920660164
-0.006228171232527905
0.00719321732191764
-0.03552049297637017
-0.0136484035530204
0.011800321575780292
-0.010771701814603216
-0.01585783171926284
0.01035671229692754
-0.032282393410741454
-0.001214183021640961
0.007102425507823727
-0.032188349427310824
-0.011005786763955498
0.010926383085737556
-0.024358539584406817
-0.0067719701026003045
0.0044612298896913195
-0.057346588910248346
0.01149289708620145
0.012962761717997944
-0.05863780835459575
-0.016777994829500053
0.0096412084995318
-0.05390416846793813
0.001053593553410302
0.008840949365096964
-0.054198685648244975
0.055104216302253796
0.0024113988165035466
-0.2560325712586633
0.057516891870821846
-0.018703938041527028
-0.45972033050201905
0.05431771344794046
0.015332328404009323
-0.2832203352929553
0.05094466293336527
0.029130246244586013
-0.3256676251737282
0.06430687611537464
0.0018436279421458251
-0.573580776228624
0.06309137063548348
0.017311050666557776
-0.47890581506560076
0.05345395276277259
0.03573447400005244
-0.4374947090670659
0.06427550361712255
0.014338605446414304
-0.7158532526937867
0.06409306728935382
0.026908757985447757
-0.6188281559643435
0.054807887101491454
0.041679265998295106
-0.5667436147329417
0.0011056501341638323
0.003066280857223664
-0.0049797705501279455
-0.0013122329199014662
0.001465457793632075
-0.00261923481619864
-0.00015124863593445298
0.0014063237797122493
-0.001656792457169387
0.0060773262806137355
0.007481484451678655
-0.01361500249209879
-0.008656997738651648
0.004270687886217832
-0.021598123469209196
-0.0038584984389573524
0.0063203448991618226
-0.03598743164310755
-0.008489089221385117
0.008741935074362508
-0.03205771507779037
-0.0013816165916907632
0.00754731320488289
-0.04973861799442613
0.003817111435296478
0.00890256324417676
-0.054184865301423274
-0.0016833536847390275
0.00925867743166727
-0.05069870289306475
-0.00869866405755426
0.005929272187164559
-0.07938533823035837
0.0015288484211609377
0.012431867718611938
-0.10570361982918487
-0.008537287608344253
0.014371915192727638
-0.12654664507992663
-0.018774853099260008
0.017241656691540323
-0.09154113110089825
0.014741142437197157
0.019813974745165493
-0.13622242286004219
0.0042414651680530435
0.01852036438059844
-0.15787085125848202
-0.035525379868930604
0.020749752157518682
-0.15861582979328578
