0.007991371433471197
0.01633171431252113
-0.30632888120234936
0.02585239756895951
0.008870877339149883
-0.3372254200473404
0.023881368968505533
0.014823235505663702
-0.3074711234168709
0.004931657197918447
0.019484034344528344
-0.3036143405596755
0.004354499535182985
0.0030590553128848706
-0.007258657559574866
0.002806709211509433
0.0024631310113113402
-0.003150506611039474
0.00122651387603592
0.0017232033845655872
-0.0011173811158843867
0.0027100785091555258
0.007207333569089991
-0.07251109860964827
0.0006333776209366687
0.007947192487294728
-0.07383303748655456
-0.001632673102274813
0.006515572718762975
-0.06192441334612883
-0.0012379805435765317
0.005111053627645362
-0.04847270784439892
-0.0009525648089171477
0.004018342584999035
-0.036303948674004376
-0.000756486397308098
0.0031205362304348072
-0.025541269728466265
-0.0006270048541332313
0.002357434348885971
-0.016322626630144197
-0.0005385858856530455
0.0016904889217146963
-0.008826967460865533
-0.00045366297190095833
0.0010937569709457487
-0.0033229599939271653
-0.0003013416894053601
0.0005625493972746543
-0.00022592985828494663
0.008923842070916075
0.007425005721920731
-0.07268101719301069
0.00656286419418026
0.008554391144249461
-0.07400604167734717
0.004503871665302955
0.006739485683685048
-0.061950973961323735
0.004415548020715069
0.005057305286235066
-0.048543789460112854
0.004122350060373323
0.0037573750910907837
-0.036396786139764624
0.0036653096882313476
0.0026824011881506414
-0.02564805767020522
0.00306960472485772
0.0017565902170676934
-0.016439143099447
0.00035480149391456975
0.0015447778280744894
-0.010140539861478507
0.0015515572690976034
0.0022650197067201616
-0.01596399742313472
0.00046108086016071116
0.0022027995423435694
-0.017249567622887152
0.0018710274559430565
0.002985540407726424
-0.024336253684415422
0.0005477575465654185
0.0029498645774198974
-0.025991401165790223
0.0021701684656355276
0.003840688169320468
-0.03436535295147462
0.000615393201349047
0.0038277019490417915
-0.03624405122540151
0.0024435055890036487
0.004846868472394939
-0.04590935591434753
0.000667751796119555
0.004891511891150882
-0.04783442655294704
0.0026543248932127815
0.005991030336998222
-0.058740343020441114
0.000700238063200809
0.006232936757756127
-0.060493071498903685
0.001253935956036307
0.0007796653445962861
-0.0014616526840107319
0.001127151098522466
0.00027507879560128955
-0.0014902419600278942
0.0025711998075239506
0.0015314510710482156
-0.004546514140117175
0.0021907039864412343
0.0008045712317410456
-0.004938737670019961
0.00378038410007353
0.0022796700822981047
-0.00942942269520387
0.004688249791314132
0.0014299734558858468
-0.006155243855473283
0.003192923702525912
0.0022240601755109737
-0.006700514301069915
0.00800007596727245
-0.00710306513280271
-0.02570282007896935
0.007046328001973829
-0.003495862628038123
-0.013779468385466745
0.007404167298497258
-0.0017194466654347072
-0.01432177308975411
0.005158341892318096
0.0003422892476622223
-0.011729019657514142
0.005105402214283261
0.0033518676461529897
-0.010101916888224925
0.010003874519061774
-0.007099448594641111
-0.03595531113000834
0.00890529772155271
-0.003431913030057756
-0.022419041854511306
0.010477990946932313
-0.005166153000117686
-0.033570569047626245
0.007699444038031991
0.00024224117202929356
-0.016539976989142006
0.00918465400817932
-0.0014075199359686534
-0.023385444407889113
0.006360748279241023
0.0008650458370318551
-0.020331487766069016
0.0051835213646829435
0.0034401458156526456
-0.0211168775488036
0.011984583549417976
-0.00672604140213568
-0.04775026812303312
0.01237191674963412
-0.00465101307777575
-0.045726763372135514
0.009982252824291112
-0.0037034843284996966
-0.05338553135343297
0.009367839759007943
0.00074581705660783
-0.026252480953571782
0.010944227380265502
-0.0008682284834236959
-0.034585882190057385
0.007537824985678593
0.0015556694160636971
-0.031101348811037845
0.0061143777392838935
0.0042017716864532935
-0.0313190239909485
0.01396882453492269
-0.006058651961522662
-0.06126032318201786
0.014281812843465596
-0.003870127603470787
-0.05984932900458191
0.011542545850500711
-0.0028135821977583637
-0.06780242632763793
0.011020460095129001
0.001387498573109401
-0.038114059037234076
0.01271905295639523
-0.00015002701688383245
-0.04796245170896339
0.00871043048353896
0.0023758112391818052
-0.04403514761940944
0.007010640419169
0.005033574452684386
-0.043412527296331424
0.015984159147414415
-0.005110602619904594
-0.07665359426178162
0.0162223668185542
-0.002803564220591201
-0.07610744864540037
0.013107600230719513
-0.0016706425649164517
-0.08417757770972664
0.01271052430771693
0.0021097780494488353
-0.052173619658547506
0.014568028990540572
0.0007174690749007881
-0.06366191263007269
0.009923367634343554
0.0032747135488295745
-0.059240820337362055
0.007877263247528877
0.005841235683086755
-0.0573485574334742
0.018053786533802785
-0.003797698329881896
-0.09407578420332725
0.018264012375312163
-0.001311361766222634
-0.09467352746993336
0.01465892147787833
-0.0001397015230217814
-0.10255906160403096
0.014537072730075165
0.0028454772947035427
-0.06860560030471562
0.016632918817286454
0.00170765359476119
-0.08187203020642103
0.011228615987195618
0.004201663693778208
-0.07692327756731845
0.00881534886240787
0.006364042098441633
-0.07308949322141955
-0.00028179619980611985
0.00013153347397899513
-0.0004536514695209984
-0.0002201938268852112
0.00018739791664194468
-0.000641927424711169
0.0005052675642454977
0.0007762332256823097
-0.0007340863664817595
-0.0004131085557684698
0.00023066878914370926
-0.00046562362633247706
3.3862450764765394e-5
0.0001713272581303968
-0.00033025424377516963
-0.0007848117568204121
0.00039015688736587
-0.0014139697694256091
-0.0004525298557797951
0.0007764246237340029
9.493111019683498e-5
-0.0001471972915593828
0.00032229122012061314
0.00021530184629360243
-4.3014511440468506e-5
0.00043866403179869753
-0.0009882753415594416
-0.0007513258854129941
0.000925102262732571
-0.00024144953939679256
0.000580166383386937
0.0008341532172324149
-0.002637785004089678
-0.0004822345111872875
0.00040358233545871786
-0.003240325417335573
0.0011035259431157517
0.0012881300522192016
-0.003342894494555012
0.00017295843321804991
0.0006580732287986336
-0.0027704760468204824
-0.0013833075266313447
0.0008378841893089973
-0.004810777635691285
-0.000734830014593348
0.001007513176463068
-0.004752969164447542
-0.001809299123067664
0.001605864840266357
-0.0014921071868922197
-0.002031090695529768
0.001420414435134496
-0.004358007304108349
-7.770402346193292e-5
0.0009932260112990431
-0.004321269224406116
-0.0014229719853651466
0.001503751084490272
-0.0033159173764632935
-0.0008231300522587715
0.0006772274725130598
-0.007695451614345093
0.0016194011409004217
0.0017841894578922884
-0.007806875501360178
-0.002081254013334363
0.0013397103189114804
-0.007230052656368872
0.0002955623975500966
0.0012379959357313145
-0.007230525548084607
0.008195983894133322
0.0002015238512896246
-0.03375187736294537
0.010763415289535016
-0.003286979287542638
-0.060359775204051704
0.008123050632960574
0.0019523082931357455
-0.03729422510256285
0.007893691892722429
0.0037936285910230814
-0.0428401162991729
0.012327898666718694
-0.0004044380855387783
-0.07521305933454261
0.01077930777873753
0.0020333221982379926
-0.06280902705058665
0.008967500040023838
0.004613455037464012
-0.057441149509677505
0.013721333583818482
0.0010608299915986488
-0.09380307602008843
0.012145693966077111
0.0031507007702168102
-0.08103607058045484
0.010161258892850734
0.005307756400662938
-0.07430537773194332
0.00014556161265246955
0.00044569165140743495
-0.0006594922108937
-0.00016780060155893693
0.00020784083961257116
-0.00034840730481115663
-1.4031879183782125e-5
0.0001974492087771873
-0.00022854951084716742
0.0008198997183058967
0.0010423351135296704
-0.0018112790913599396
-0.0011038066267856797
0.0006147179812071464
-0.002881932772003089
-0.0004254580918627487
0.0008989847759674933
-0.004796712825144371
-0.0010489529311604258
0.0012089705143720284
-0.0043161996342868944
-7.722719639951744e-5
0.0010772371651455073
-0.0066301876135772845
0.000652521733531875
0.0012508710407633915
-0.007207147381947324
-8.166859403143262e-5
0.001289100968267247
-0.006794117559238814
-0.0010174851830432822
0.0008761696265912343
-0.010637157597295986
0.0004284451397257043
0.0017259079043493314
-0.014091848636821471
-0.0007213713297746047
0.001994927333131088
-0.016871550636624644
-0.002219181530440461
0.0023575310016449667
-0.012327790934347166
0.002295259047986078
0.002692755160720561
-0.01807170902280076
0.001116187711719856
0.0025452714950925594
-0.02098296808379163
-0.004123273175391128
0.0028219449662345657
-0.021311168365636138
