-0.2549000112170963
0.19794377463511414
-2.9648085844412826
-0.14977252906871977
0.13860660023426277
-3.28618432447378
-0.10724464583558933
0.18404602373084172
-3.0016418820919855
-0.3039848642551392
0.22681205227825157
-2.921226740585096
0.04137095373292904
0.029267116116824605
-0.07018302427234237
0.026860587080626778
0.023394160448728052
-0.030008327866285392
0.011634764042476056
0.016179483782607237
-0.01044984811679253
-0.00979756770972828
0.07129418001748782
-0.7050628758509058
-0.0330347455414476
0.07799964262186908
-0.7118451164699736
-0.04888280321878346
0.0633726062266342
-0.5920127779210683
-0.035597545805009054
0.04927108267229327
-0.46353702402234476
-0.02508671178779173
0.03835191757582969
-0.3470689728119053
-0.01710004802703173
0.029458923671183558
-0.24393713838807457
-0.011342784433785903
0.021987590189552535
-0.15556870232454514
-0.007461774882072605
0.015558813876622795
-0.0837495263652144
-0.004951371125735346
0.009941466452275094
-0.03112708105331034
-0.0028936918366962404
0.005105042700774851
-0.0017659397753792467
0.05007118466212489
0.07258282367497562
-0.7107487111970426
0.023736532773547647
0.08294749470061763
-0.7170468165618374
0.010005923718258891
0.06497411056989659
-0.595932497516212
0.018705011142675247
0.04828350477645138
-0.4673507606701199
0.02367642804342049
0.035465707616833396
-0.35049802308286865
0.025376770896816826
0.02496049343625903
-0.2469018686656314
0.024141763621038557
0.016003827047154712
-0.15806138111161291
0.0004505730229733862
0.014083739455224063
-0.09759928224463013
0.010573348480312886
0.020942987080233545
-0.15490656803028158
-0.0013398856084665082
0.020359914017748386
-0.16617448151185132
0.010163350355281221
0.027993147607836735
-0.23641627564431036
-0.0045898809214951625
0.027620551625109825
-0.2505843293228037
0.008115252356942593
0.036519718801275844
-0.3341733627158544
-0.009414636942493514
0.03629495296421627
-0.34962457101439526
0.004304858384100967
0.04672766719165326
-0.44669222510085493
-0.015777817319675043
0.04695257438260935
-0.46154628768079614
-0.0014986728631675107
0.05853197845617757
-0.571565226486764
-0.023534827901710804
0.060522883601394996
-0.5836176428199813
0.01185016867014003
0.007066106516382036
-0.01426017308708377
0.010463866359648279
0.00224731335960779
-0.014338858998922361
0.023890900559770684
0.014123890532600361
-0.04438604985030481
0.019789944043890534
0.0070171237674527915
-0.04779772976466596
0.03429363172892277
0.02123909266386142
-0.09208313402694308
0.04524260732911058
0.014092509571848611
-0.05878508187277843
0.0304528355960461
0.021204519649697606
-0.06450357219862807
0.0636660597936385
-0.06266133108485668
-0.25380354370610303
0.06383341328871048
-0.032037877912330065
-0.13425248328356973
0.06878272307331985
-0.015492648838343967
-0.13917825926485666
0.04905469942378348
0.003793131523842451
-0.11310192038487454
0.04808470011953439
0.03214898463619792
-0.09814346596988842
0.07604468175604345
-0.060759961769860725
-0.35514528964505654
0.07828331689996366
-0.030819931195609933
-0.21987645652495685
0.08477405784867753
-0.044953649021502645
-0.33098459974678623
0.07204737958337719
0.0031703981854779976
-0.16122124690037
0.08264892391646592
-0.01212605318374658
-0.22923133928571784
0.057998419522668626
0.008990957286240673
-0.19813542048723376
0.045605657052131876
0.03317250871829643
-0.2062228454646557
0.08621590290935349
-0.05545559291387195
-0.47207138851437996
0.09492277149328009
-0.0387888823540199
-0.4518748655588489
0.06229183036870246
-0.02627400996993072
-0.5252299747728333
0.08445920199857745
0.00831452748031791
-0.25784471331684106
0.09413702791990088
-0.006389109753647558
-0.3408417746247928
0.06462623350374794
0.015962844228319516
-0.3048937890529249
0.05010386065502589
0.040788232959087525
-0.30686976428887536
0.09404855672348379
-0.04736271621775147
-0.6062834937291243
0.1025481688856756
-0.02987041971761443
-0.5925314309197016
0.06475340205954662
-0.01609470821572952
-0.667873732150818
0.09438447700852577
0.01498529566729188
-0.3760560636436457
0.10304230869207086
0.0013704554776394911
-0.4743329774046216
0.06863435758206986
0.024444444116546962
-0.433250633536487
0.05221075169830107
0.04927074803816466
-0.42621246661014905
0.09938280802633698
-0.03641034827061748
-0.7593780404583457
0.10716666185501807
-0.01774212537604568
-0.754510815016975
0.06428406684347528
-0.003188773275447742
-0.8299827149771777
0.10176863923334925
0.02276797071043306
-0.5163118573423721
0.10918627688608289
0.01110036687670425
-0.6311603788365181
0.06978951907406918
0.034128318343388954
-0.5842533487781763
0.05169550884445645
0.05778314300717749
-0.5636684391750892
0.10200316515496806
-0.021485640924153622
-0.9326292631474111
0.10862672369962457
-0.0006215755967152462
-0.9392540781030808
0.06043487196792921
0.014105204943671129
-1.0116196720093287
0.10674892335799774
0.031235877287814986
-0.68042759009134
0.1129416196508053
0.02285810174958435
-0.81326910534988
0.06767311260625994
0.044783275777893865
-0.7598761804722651
0.04929712173390805
0.06388135247520921
-0.7188431052805585
-0.0027939436322163133
0.0010021936915115763
-0.004471198408976345
-0.0020623343480433457
0.0013096284952313914
-0.006234166316516828
0.004838034945667507
0.007031559883383889
-0.007227025105694997
-0.004084346336541202
0.002098215327877846
-0.0045112066214589045
0.00023377094118124257
0.0014832775620669551
-0.0031670953465270054
-0.007879762006720853
0.003379357517684684
-0.013680909471627754
-0.004287262719531716
0.00734348746495843
0.0010956002307647645
-0.001396266403855918
0.002970697786871637
0.002253328488425873
-0.0006598620287374111
0.003944705692690789
-0.009275270838091484
-0.007197292473034327
0.008612454697918208
-0.0018552881612208087
0.005129696552144653
0.007435718710412043
-0.02565509141148623
-0.004806507489334698
0.003069798665111779
-0.031036670923290953
0.010354719668782741
0.011792528983082043
-0.032387465930408685
0.000983895235423559
0.005848477123519675
-0.02661629136492723
-0.01447485453208887
0.007413494829313165
-0.04624452734209506
-0.00829223627904062
0.009137522962326129
-0.04553530633644685
-0.017524599050416152
0.015111961083653773
-0.013514974500905119
-0.020593173201406616
0.013258776213506317
-0.0411710459304734
-0.001820749455855681
0.009002935481261713
-0.04112831672329577
-0.014256035319811951
0.013941186037547088
-0.030859437838413904
-0.008979806442634452
0.005541169417002052
-0.07378936557692259
0.014509803803186689
0.016515466916361722
-0.07565568330187757
-0.022026977327365773
0.012314984515507063
-0.06905178982214993
0.0008705629261401674
0.011202746088470437
-0.06955592884858726
0.06814352835458992
0.0034933804300256994
-0.33104934714587014
0.06387575348885603
-0.02148303650476835
-0.5942131360921652
0.06697868762139403
0.020032727006056864
-0.36633326425297014
0.06186838378676776
0.03778176010522163
-0.42120126673811104
0.07040269894893506
0.004505211166207675
-0.7417672431611406
0.07332683254890654
0.02319618280659225
-0.6196568577454077
0.06261511547551696
0.04648914105078912
-0.5658640187817838
0.06572794243395512
0.021268103800946497
-0.9256903608148721
0.07048506703022157
0.03610741902542318
-0.8007230264493956
0.060965151280660386
0.05447999775733397
-0.7330124147592003
0.0014219453515255443
0.0038378497381303853
-0.00646254001040689
-0.0017063234541709997
0.0018538781969580915
-0.0033616082122965205
-0.00021361005457479573
0.0017804635971954842
-0.002087715508424301
0.007792782356825798
0.009491283485917643
-0.017607288619753823
-0.011287077885434373
0.005391240916509377
-0.027765180132619114
-0.00523788523970227
0.007987950797562062
-0.046277884135210334
-0.011144457532960074
0.011145133791008779
-0.04092086804869944
-0.002118756886029736
0.009525194084065361
-0.06405648550974487
0.004456290724364532
0.01126636191945342
-0.06972074451810373
-0.002605072577628317
0.011754376518401473
-0.06484615441280742
-0.011653381655195286
0.0074352970975816715
-0.1021516930578388
0.0012437479322313504
0.015835603667433872
-0.13620339615633154
-0.01228487797721716
0.01832807435961362
-0.16264879482567923
-0.024967887572959892
0.0220678648531911
-0.11675598722860193
0.017892168957992543
0.025357392810776837
-0.1757529072465081
0.003704231677319348
0.023623945916336323
-0.20309358780256853
-0.047492085927809756
0.026696577093415268
-0.2028449993384117
