0.0
0.0
0.8
20.0
0.0
0.8
20.0
8.0
0.8
0.0
8.0
0.8
2.222222222220445
0.0
0.8
4.444444444436795
0.0
0.8
6.666666666652526
0.0
0.8
8.888888888871998
0.0
0.8
11.1111111110976
0.0
0.8
13.3333333333232
0.0
0.8
15.5555555555488
0.0
0.8
17.7777777777744
0.0
0.8
20.0
2.666666666660008
0.8
20.0
5.3333333333263
0.8
17.7777777777744
8.0
0.8
15.5555555555488
8.0
0.8
13.3333333333232
8.0
0.8
11.1111111110976
8.0
0.8
8.888888888871998
8.0
0.8
6.666666666652526
8.0
0.8
4.444444444436795
8.0
0.8
2.222222222220445
8.0
0.8
0.0
5.3333333333263
0.8
0.0
2.666666666660008
0.8
2.222222222220445
2.666666666660008
0.8
2.222222222220445
5.3333333333263
0.8
4.444444444436795
2.666666666660008
0.8
4.444444444436795
5.3333333333263
0.8
6.666666666652526
2.666666666660008
0.8
6.666666666652526
5.3333333333263
0.8
8.888888888872
2.666666666660008
0.8
8.888888888872
5.3333333333263
0.8
11.1111111110976
2.666666666660008
0.8
11.1111111110976
5.3333333333263
0.8
13.3333333333232
2.666666666660008
0.8
13.3333333333232
5.3333333333263
0.8
15.5555555555488
2.666666666660008
0.8
15.5555555555488
5.3333333333263
0.8
17.7777777777744
2.666666666660008
0.8
17.7777777777744
5.3333333333263
0.8
1.1111111111102225
0.0
0.8
1.1111111111102225
2.666666666660008
0.8
0.0
1.333333333330004
0.8
2.222222222220445
1.333333333330004
0.8
1.1111111111102225
5.3333333333263
0.8
0.0
3.999999999993154
0.8
2.222222222220445
3.999999999993154
0.8
1.1111111111102225
8.0
0.8
0.0
6.666666666663151
0.8
2.222222222220445
6.666666666663151
0.8
3.33333333332862
0.0
0.8
3.33333333332862
2.666666666660008
0.8
4.444444444436795
1.333333333330004
0.8
3.33333333332862
5.3333333333263
0.8
4.444444444436795
3.999999999993154
0.8
3.33333333332862
8.0
0.8
4.444444444436795
6.666666666663151
0.8
5.555555555544661
0.0
0.8
5.555555555544661
2.666666666660008
0.8
6.666666666652526
1.333333333330004
0.8
5.555555555544661
5.3333333333263
0.8
6.666666666652526
3.999999999993154
0.8
5.555555555544661
8.0
0.8
6.666666666652526
6.666666666663151
0.8
7.777777777762262
0.0
0.8
7.777777777762263
2.666666666660008
0.8
8.888888888872
1.333333333330004
0.8
7.777777777762263
5.3333333333263
0.8
8.888888888872
3.999999999993154
0.8
7.777777777762262
8.0
0.8
8.888888888872
6.666666666663151
0.8
9.999999999984798
0.0
0.8
9.9999999999848
2.666666666660008
0.8
11.1111111110976
1.333333333330004
0.8
9.9999999999848
5.3333333333263
0.8
11.1111111110976
3.999999999993154
0.8
9.999999999984798
8.0
0.8
11.1111111110976
6.666666666663151
0.8
12.2222222222104
0.0
0.8
12.2222222222104
2.666666666660008
0.8
13.3333333333232
1.333333333330004
0.8
12.2222222222104
5.3333333333263
0.8
13.3333333333232
3.999999999993154
0.8
12.2222222222104
8.0
0.8
13.3333333333232
6.666666666663151
0.8
14.444444444436
0.0
0.8
14.444444444436
2.666666666660008
0.8
15.5555555555488
1.333333333330004
0.8
14.444444444436
5.3333333333263
0.8
15.5555555555488
3.999999999993154
0.8
14.444444444436
8.0
0.8
15.5555555555488
6.666666666663151
0.8
16.666666666661598
0.0
0.8
16.666666666661598
2.666666666660008
0.8
17.7777777777744
1.333333333330004
0.8
16.666666666661598
5.3333333333263
0.8
17.7777777777744
3.999999999993154
0.8
16.666666666661598
8.0
0.8
17.7777777777744
6.666666666663151
0.8
18.8888888888872
0.0
0.8
18.8888888888872
2.666666666660008
0.8
20.0
1.333333333330004
0.8
18.8888888888872
5.3333333333263
0.8
20.0
3.999999999993154
0.8
18.8888888888872
8.0
0.8
20.0
6.666666666663151
0.8
1.1111111111102225
1.333333333330004
0.8
1.1111111111102225
3.999999999993154
0.8
1.1111111111102225
6.666666666663151
0.8
3.3333333333286195
1.333333333330004
0.8
3.3333333333286195
3.999999999993154
0.8
3.3333333333286195
6.666666666663151
0.8
5.555555555544661
1.333333333330004
0.8
5.555555555544661
3.999999999993154
0.8
5.555555555544661
6.666666666663151
0.8
7.777777777762263
1.333333333330004
0.8
7.777777777762263
3.999999999993154
0.8
7.777777777762262
6.666666666663151
0.8
9.999999999984798
1.333333333330004
0.8
9.9999999999848
3.999999999993154
0.8
9.9999999999848
6.666666666663151
0.8
12.222222222210398
1.333333333330004
0.8
12.222222222210398
3.999999999993154
0.8
12.222222222210398
6.666666666663151
0.8
14.444444444436
1.333333333330004
0.8
14.444444444436
3.999999999993154
0.8
14.444444444436
6.666666666663151
0.8
16.666666666661598
1.333333333330004
0.8
16.666666666661598
3.999999999993154
0.8
16.666666666661598
6.666666666663151
0.8
18.8888888888872
1.333333333330004
0.8
18.8888888888872
3.999999999993154
0.8
18.8888888888872
6.666666666663151
0.8
