0.0003591155108568507
1.6418244103430785e-5
-0.014346918168197028
0.00035911551085681336
-1.641824410342441e-5
-0.014346918168189367
-0.00011499380468096868
-9.991176025108755e-6
-0.006941851962841994
-0.00011499380468104474
9.991176026146844e-6
-0.006941851962839745
0.00038990011358503866
6.785949685696897e-5
-0.005605908204167474
0.0003435733958473457
7.750807783478859e-5
-0.004367427107885072
0.000296793115343524
8.147788732642839e-5
-0.003278973019383626
0.00024966824775509713
8.278697612617874e-5
-0.002344820617681481
0.00020236519335075344
8.237961773495376e-5
-0.0015665061337835381
0.0001547721984793621
7.981048763096811e-5
-0.0009434402105898018
0.00010622509591545683
7.231921021136723e-5
-0.00047290869409539294
5.451084902480229e-5
5.146844925165268e-5
-0.00015266743566425702
0.00018544826876530263
-3.572349419817748e-5
-0.008375691245210487
0.0002051529148230146
-3.467639297337991e-5
-0.009663629163334101
0.00022387854826076705
-3.441536168887387e-5
-0.010802365161062692
0.00024270021876974656
-3.436943636226229e-5
-0.011787402562531059
0.00026161637151071623
-3.436402580272877e-5
-0.012615749125821115
0.0002805980254917394
-3.4365861828331045e-5
-0.013286043373472452
0.0002996257709473373
-3.436766147987766e-5
-0.013797677635417208
0.0003186879261151599
-3.436762543655948e-5
-0.014150523586741362
0.0003377438255231423
-1.1454362286073317e-5
-0.014572753950150114
0.0003377438255231118
1.14543622867983e-5
-0.014572753950148143
0.00031868792611512405
3.43676254373332e-5
-0.014150523586733719
0.00029962577094735975
3.436766148063656e-5
-0.013797677635409525
0.0003485908345296701
-2.4524884718069094e-5
-0.004181936786549986
0.00034859083452961216
2.4524884717603225e-5
-0.0041819367865478015
0.00040101437116981146
-1.9890911679855745e-5
-0.005469879759346881
0.00040101437116977514
1.9890911679477192e-5
-0.005469879759344606
0.00018568022861778537
-1.156457666271416e-5
-0.008485407162317415
0.00018568022861771853
1.156457666310365e-5
-0.00848540716231536
0.00020501481068619423
-1.1568622118477209e-5
-0.00983778556901623
0.00020501481068620783
1.1568622118929724e-5
-0.00983778556901427
0.00022371245649207498
-1.1479812684287587e-5
-0.011006221946941768
0.00022371245649207197
1.147981268482429e-5
-0.011006221946939853
0.0002425828214692071
-1.1455755313419538e-5
-0.012004599179939261
0.00024258282146920614
1.1455755313985601e-5
-0.01200459917993734
0.000261533801941218
-1.1454689485765403e-5
-0.012838924798530943
0.0002615338019412849
1.1454689486331592e-5
-0.012838924798528986
0.00028053679345922623
-1.1456576289849805e-5
-0.013511897029417883
0.00028053679345923946
1.1456576290465727e-5
-0.013511897029415916
0.0001306946319567209
-7.706027870061388e-5
-0.0006893806674458903
0.00012713702406803393
-2.4474254200995397e-5
-0.0005076446454000428
0.0001534278169545963
-5.2742152388492976e-5
-0.0008196207323689867
0.00010577580528716696
-5.788980281034499e-5
-0.0009365595548890056
0.0001306946319565372
7.70602787006712e-5
-0.000689380667444543
0.00015342781695436042
5.274215238836954e-5
-0.0008196207323671325
0.00010577580528682324
5.788980281047184e-5
-0.0009365595548871841
0.00020180224283966255
-5.477527754270903e-5
-0.0014342486426286369
0.0001393874500400409
-5.9099716244709014e-5
-0.0015596146704703192
0.00013901146254522242
-1.9407196625688065e-5
-0.001348990973736458
0.00013901146254521402
1.9407196625620566e-5
-0.0013489909737349703
0.00017863386503999757
8.1462909570942e-5
-0.0012356986403204246
0.00020180224283942422
5.4775277542525695e-5
-0.0014342486426261972
0.00022568182004847095
-2.7254830241586896e-5
-0.0017228219216520425
0.0002498240313378904
-5.5074109337040495e-5
-0.0022108500387611665
0.0001727856153236414
-1.9438892434702133e-5
-0.002124313069946035
0.00022568182004838804
2.7254830241181963e-5
-0.001722821921650386
0.00017278561532365377
1.9438892434682417e-5
-0.002124313069944306
0.0002260378225899828
8.278984703160596e-5
-0.0019361779854896624
0.0002498240313378115
5.507410933684863e-5
-0.002210850038758197
0.00027436860555469996
-2.7019269502585772e-5
-0.0025808985004414538
0.00029780379400478447
-5.3965264450146584e-5
-0.003148937836680273
0.0002066396610155324
-1.908412645233714e-5
-0.003065341039914102
0.0002743686055546136
2.7019269502270466e-5
-0.00258089850043961
0.00020663966101542913
1.9084126452289085e-5
-0.0030653410399121127
0.000273253140402779
8.237319503116214e-5
-0.0027924611752712172
0.00029780379400467654
5.396526444993567e-5
-0.0031489378366768898
0.0003235635664565622
-2.576680235318402e-5
-0.0036055772209485576
0.0003460511044617298
-5.063446404991079e-5
-0.004249642115056619
0.0002409398336667548
-1.8061872861830732e-5
-0.004175166623754405
0.0003235635664565129
2.5766802352845866e-5
-0.0036055772209464326
0.00024093983366672112
1.8061872861727794e-5
-0.004175166623752205
0.0003202361137134932
7.99486023700382e-5
-0.003804113118130493
0.0003460511044615924
5.063446404968843e-5
-0.0042496421150526945
0.00037435644156961324
-2.2633640104123655e-5
-0.0048026461683127455
0.00039541135856080233
-4.283017860866991e-5
-0.005516847216543646
0.00027645817901975663
-1.5710631226190858e-5
-0.005463282242571377
0.0003743564415695977
2.2633640103704513e-5
-0.004802646168310424
0.000276458179019681
1.5710631226168185e-5
-0.00546328224256912
0.000366733979196263
7.372667785645968e-5
-0.004968349122669463
0.0003954113585606907
4.2830178608430056e-5
-0.00551684721653932
0.0004291916818163806
-1.6209047962489815e-5
-0.006187040675749436
0.0004460579747539897
-2.5910898791868003e-5
-0.006959235129080018
0.0003118377344138327
-1.1879797523812604e-5
-0.006948022657608026
0.00042919168181636275
1.6209047962049344e-5
-0.006187040675747167
0.0003118377344138765
1.1879797523815923e-5
-0.006948022657605799
0.00041221733938631754
5.9465864827962215e-5
-0.006279214920135106
0.00044605797475386825
2.591089879159236e-5
-0.006959235129075691
-0.00010595369765278009
-1.3889066591900782e-5
-0.00771732893202588
0.00017574327092232463
-3.4054535067952805e-5
-0.007676763345058834
-6.880795709041486e-5
-3.9593834921079836e-5
-0.008436935889565612
0.00018561733412642548
-2.3376674645002245e-5
-0.008449723658884543
5.471357657944398e-5
-1.482404429684853e-5
-0.008480252631772428
-0.00010595369765282778
1.3889066592930325e-5
-0.0077173289320237246
0.00017613967758030522
1.1354459396270179e-5
-0.007726520160179059
5.471357657936865e-5
1.482404429753126e-5
-0.008480252631770416
-8.49186743719914e-5
5.106317041801863e-5
-0.007666683923292495
-6.88079570905002e-5
3.95938349221844e-5
-0.008436935889561372
0.0001856173341263649
2.3376674645465162e-5
-0.008449723658880292
-3.730005983613098e-5
-7.090205701487034e-5
-0.00902684579050482
-4.731208560599827e-5
-2.125303309428892e-5
-0.009175132198381291
0.00019581489519401627
-3.460894178166175e-5
-0.00903845730510071
0.0002050318279629975
-2.3085991633544392e-5
-0.009774954858966362
9.522024183433682e-5
-5.5951808358373694e-5
-0.009658811809705872
-4.731208560603965e-5
2.1253033095222307e-5
-0.009175132198379335
0.00019579096624546964
1.161223400625697e-5
-0.009186559830829558
0.00012208452196569455
-1.9238565162564088e-5
-0.0010237027445804245
0.00017767358286492065
5.405650345415365e-5
-0.001106596338453727
0.00015601407397953265
-5.9260940638719915e-5
-0.001929279338605962
0.00015590343657343294
1.946878116083981e-5
-0.0017159521660507263
0.00017267400531835117
3.898203775218999e-5
-0.0022039449934704303
0.0001896871648866745
-1.9319629388794275e-5
-0.0025740312172250054
0.00018968716488662474
1.9319629388745314e-5
-0.0025740312172231957
0.00020611500394606094
3.839784111551433e-5
-0.0031420466197564444
0.0002237036566698423
-1.86893877566586e-5
-0.0035987504803754672
0.00022370365666982524
1.8689387756583956e-5
-0.0035987504803733526
0.00023964613826565448
3.6696055084143067e-5
-0.004242808420167888
0.0002584724235062162
-1.710868962079238e-5
-0.0047959286328376855
0.00025847242350621695
1.710868962071176e-5
-0.004795928632835373
0.0002736048045180144
3.267214365413488e-5
-0.0055101610259418385
0.0002956240457955592
-1.3846995126313244e-5
-0.006180670370703574
0.0002956240457955353
1.3846995126243594e-5
-0.006180670370701287
0.00030672985654647594
2.3958220646686625e-5
-0.006954627466473786
4.473768083108408e-5
-4.3489781536126204e-5
-0.007672438901610194
-0.00010755529597577905
5.045758538513759e-16
-0.007721663546085066
-9.667301082589087e-5
3.0021960356620897e-5
-0.007702581444969321
5.8251384686308085e-5
3.140189058450648e-5
-0.008444467294008289
7.908413597078013e-5
-5.3448464330822036e-5
-0.009033610779391996
0.00019579086955114484
2.3144070103550186e-16
-0.009202426859029306
-4.2382957269662445e-5
4.526737598574852e-5
-0.00912313393645561
9.358745429253432e-5
3.6056724102596665e-5
-0.00977019781214602
0.00010918348414672704
-1.844462298935224e-5
-0.010439126849754914
0.00021426815586280163
2.656098175423786e-16
-0.010466672387232687
