0.00034038011248179264
-0.057349697239951654
0.0006573441809632378
-0.0001279962216636483
-1.8637888307151318e-5
-0.0018374650986858036
-0.00016477774504609422
-4.1648830067463906e-5
-0.0037212991162958848
-0.00020018761130866618
-5.297970201165317e-5
-0.006214508491169856
-0.00023887150871119284
-5.57071337196068e-5
-0.009328457628664945
-0.00027861938180517685
-5.093172815266706e-5
-0.013065807672591355
-0.0003181228698066238
-3.561029010801861e-5
-0.01742053365050407
-0.00035606479236958825
-4.657560877155214e-7
-0.022375456252505997
0.0004511048348520569
0.00013748304528107377
-0.013072285242244795
0.0003779433610462277
0.0001377161683616227
-0.00933465707649593
0.0003035555255268229
0.00013826916077725216
-0.006220624270163263
0.0002266499537213016
0.00013877208588149382
-0.0037276959379352807
0.00014390976800164447
0.00013512092220683812
-0.0018448205870897532
5.368433997108525e-5
-6.654591181485887e-6
-0.016678380795161322
-0.0004005827503231936
-1.078705275492793e-5
-0.00032929704285060787
-7.119883773029588e-5
-0.033899371712399165
-0.03389937171249323
-0.00011520176834814196
-9.447725815485643e-5
9.44772581223218e-5
-0.03931501016933933
8.17844301250344e-5
8.178443012421415e-5
0.00010519000048089047
0.00027437241682449294
-0.00011010956387778096
0.0002743724168238638
0.00011010956384261738
-0.04798402331951542
-0.051322217292566065
0.00046524780963614015
-0.0513222172926767
0.000655727202730189
-0.0540148384459293
0.0006557272027300141
0.00011336908660616887
-0.0001138250806328472
-0.056066726039334415
0.00011382508059629005
-0.05606672603944702
-0.0001139763593080963
-0.05748045060066533
0.0010367598290399447
8.109037715754253e-5
-3.342093853897339e-5
8.109037715758015e-5
3.342093853854522e-5
0.00015835037184218438
-4.576959107591055e-5
-0.0012052767214848516
-0.0012052767214960486
0.00023148466945624042
-0.0029445480072171
0.0002314846694563626
-0.0029445480072386285
0.0003052815913432488
-4.646384367212937e-5
4.6463843671423405e-5
-0.00537822878433325
-4.6038257186200907e-5
-0.008480306647899727
4.603825718533606e-5
-0.008480306647943674
0.0004523339942750461
0.0004523339942750503
4.589153515068565e-5
0.0005243699602199898
-4.5724892984533464e-5
0.0005243699602199818
4.572489298335885e-5
-0.01668600844381894
-0.02183973189279368
0.0005953664956947207
-0.021839731892869647
0.00018710212683874946
-0.008472716388031255
4.6210784254320705e-5
-0.00836890809263403
7.02131951753994e-5
-5.527843527013411e-5
0.00013793667302377385
-3.640596624027192e-5
-0.008798740950979463
-0.009327420939665335
-0.011119363368971225
0.00041464179244891247
0.0004158808096043762
-0.0002817896350062672
-9.173275152134625e-5
-4.078205107281273e-5
-1.5443040488782287e-5
-0.010272867928507802
-0.010279655221753689
-0.01213806916960112
8.342522168446558e-5
-0.00025868398777265024
0.0004146417924488691
-3.240758602721051e-5
9.173275152057488e-5
4.078205106366264e-5
-0.01516674698927699
-0.014372436362669229
