0.0001915157987126126
-0.03225443047230647
0.00037608139051975424
-7.199806237289203e-5
-1.0458806388499007e-5
-0.0010334696853202714
-9.228556030433613e-5
-2.339139455213732e-5
-0.0020930042818585685
-0.00011181053390668364
-2.975942280247356e-5
-0.0034952601792312826
-0.00013298225978428002
-3.1292648233064365e-5
-0.005246629274474648
-0.00015451653946903636
-2.8609894815411448e-5
-0.007348608592243354
-0.00017564054182923658
-2.0000120917769854e-5
-0.009797809430187215
-0.00019558589440097726
-2.4478736894551555e-7
-0.012584569330911125
0.0002558979287141892
7.735725827177747e-5
-0.007352079909171111
0.00021393006092955476
7.749112713612843e-5
-0.005249990459268951
0.00017150849769388083
7.780102984537733e-5
-0.003498613516016839
0.0001278658035227387
7.807868195303901e-5
-0.0020965476589427223
8.109503934237994e-5
7.601549469791078e-5
-0.001037577386703483
3.0229296560807075e-5
-3.7381526299939737e-6
-0.009380424860263735
-0.00022094064112838317
-6.070888952994764e-6
-0.00017682997233252408
-4.0048949663342587e-5
-0.019065815228212536
-0.01906581522820171
-5.479809569408079e-5
-5.3141179258588684e-5
5.314117926167981e-5
-0.02211155563845397
5.719324713731456e-5
5.719324713748639e-5
5.916778864507762e-5
0.00016638203567448753
-6.193573012572886e-5
0.00016638203567455553
6.193573012883286e-5
-0.026987022489195597
-0.028864440214660295
0.0002743399504433952
-0.028864440214648436
0.0003818596585780278
-0.030378793811118646
0.00038185965857810597
6.376835861927387e-5
-6.402244916154593e-5
-0.03153280459354858
6.402244916443998e-5
-0.0315328045935365
-6.410621014953434e-5
-0.032327917551698726
0.0005964907483019372
4.560764073663461e-5
-1.8800182903630307e-5
4.560764073668463e-5
1.8800182903420758e-5
8.910845885527748e-5
-2.5745707193751494e-5
-0.0006779032704718178
-0.0006779032704693636
0.00013039844517180217
-0.0016561080264734247
0.00013039844517180664
-0.001656108026469402
0.00017221925910317448
-2.6138076135953475e-5
2.6138076135583636e-5
-0.003024849816222279
-2.589890404402759e-5
-0.004769501054775236
2.5898904043708006e-5
-0.004769501054768508
0.00025621666292424564
0.00025621666292427876
2.5815777858894564e-5
0.0002978120558213892
-2.572091385817311e-5
0.00029781205582137796
2.572091385783633e-5
-0.009384483395911695
-0.012282990801822212
0.00033920476042522817
-0.01228299080181198
0.00010523908080462349
-0.004765292636855716
2.5995906572809005e-5
-0.004706969930599337
4.0528741843349874e-5
-3.105211478450846e-5
7.761439586959701e-5
-2.045765171263195e-5
-0.004948589520356022
-0.005245983728408374
-0.006253879773793209
0.0002349482125051892
0.00023529370822029453
-0.0001565343686213558
-5.1607595043712955e-5
-2.297069066579218e-5
-8.690923943893541e-6
-0.00577780378325437
-0.005781477295419117
-0.006826842481473968
4.873160313866396e-5
-0.00014374679242251838
0.00023494821250521854
-1.8210593177968103e-5
5.160759504352212e-5
2.2970690666828744e-5
-0.008530226709648793
-0.008083503742371871
