2.128612581016722e-5
-0.003583217904840115
4.258951979774355e-5
-7.999808358268417e-6
-1.1589125033738394e-6
-0.00011481668288974137
-1.0202937245568104e-5
-2.594461319707046e-6
-0.00023252723315200191
-1.2322490412005164e-5
-3.3013104502217876e-6
-0.0003883112656026596
-1.4600282851412596e-5
-3.471547482613762e-6
-0.0005828789080842312
-1.6888418009604627e-5
-3.1738969696620805e-6
-0.0008163965056862824
-1.909634643832729e-5
-2.2183391968816756e-6
-0.001088487574126231
-2.1135209519513897e-5
-2.501258896483768e-8
-0.0013980786196681066
2.8706133768646475e-5
8.598174888015563e-6
-0.0008167603393278831
2.393967001105187e-5
8.613396455039752e-6
-0.0005832363820250905
1.9152760927490226e-5
8.64768336748995e-6
-0.0003886728442512823
1.425492842210401e-5
8.677868178956228e-6
-0.00023291398251206946
9.029062848383762e-6
8.447431361352395e-6
-0.00011526931702115341
3.362853405708426e-6
-4.1470595170150513e-7
-0.0010421212851545562
-2.3992168402800822e-5
-6.749475764133153e-7
-1.8581787612327134e-5
-4.449831576782739e-6
-0.002118095109717428
-0.0021180951097174985
-4.819241478229694e-6
-5.9042837512227675e-6
5.904283751379585e-6
-0.002456439880415663
7.774816948788797e-6
7.774816948691217e-6
6.5739941542606395e-6
2.001578761343213e-5
-6.881630102124955e-6
2.001578761342966e-5
6.8816301023879585e-6
-0.0029980498694354603
-0.0032066116121333877
3.208604475553858e-5
-0.00320661161213357
4.408027143797538e-5
-0.003374841889468798
4.408027143794531e-5
7.085147384490731e-6
-7.113074837454036e-6
-0.0035030429653154505
7.1130748377836205e-6
-0.0035030429653156647
-7.122213185220783e-6
-0.003591375267725138
6.796626932569634e-5
5.066792894267675e-6
-2.0890239862283116e-6
5.066792894244127e-6
2.0890239862132886e-6
9.905557400966794e-6
-2.860673722223927e-6
-7.53143516075166e-5
-7.531435160768462e-5
1.4512617385305192e-5
-0.00018398657797684794
1.4512617385286223e-5
-0.00018398657797690196
1.9198721515381693e-5
-2.904505261866327e-6
2.9045052618284908e-6
-0.00033604311790283323
-2.8779585564035496e-6
-0.0005298592329679266
2.8779585564197076e-6
-0.0005298592329679748
2.86942573772546e-5
2.8694257377241895e-5
2.8686468206023878e-6
3.345240792468519e-5
-2.857963266655622e-6
3.345240792462609e-5
2.857963266747538e-6
-0.0010425427893140274
-0.0013645403156417046
3.8236511805486356e-5
-0.0013645403156417788
1.169248729593695e-5
-0.000529399385567905
2.888731028188059e-6
-0.0005229279092536326
4.6344019410442196e-6
-3.4448989647724706e-6
8.626995821613756e-6
-2.2704397584380824e-6
-0.0005497540116645642
-0.0005827992608009779
-0.0006947785746016658
2.6322644907505758e-5
2.631643438852989e-5
-1.7142387287273384e-5
-5.735182439779421e-6
-2.5562082769322696e-6
-9.661945664222395e-7
-0.0006418911726364227
-0.0006422810231488782
-0.0007584335937166039
5.64368953552332e-6
-1.5748117032056364e-5
2.6322644907437446e-5
-2.0210244687885784e-6
5.73518243985729e-6
2.5562082769541535e-6
-0.0009476669974638136
-0.0008980409306250078
