0.0021343703965760507
0.00010329110472249936
-0.08970830015210038
0.0021343703965759756
-0.00010329110470924091
-0.08970830015223497
-0.0007715644518597675
-6.241599042686271e-5
-0.04340309537885653
-0.0007715644518607985
6.241599041533983e-5
-0.04340309537889089
0.0023987221900762293
0.0004241308182572951
-0.0350551879220295
0.002120700139463266
0.0004843709127051889
-0.027310520413998396
0.0018373338047066215
0.0005091336292999837
-0.020504036219418053
0.0015495372056881947
0.0005172971114928683
-0.014662479505340347
0.0012586580138045768
0.0005147629012062357
-0.009795467200651633
0.0009643391915840951
0.0004987491316420753
-0.005899320109139758
0.0006627737462116308
0.0004519989959899912
-0.002957064303058748
0.00034045687211235834
0.00032174198924875546
-0.0009546337287239273
0.0010916667785912293
-0.00022326059294606435
-0.05237206089244921
0.0012023579974105047
-0.000216617488171162
-0.060425412346393745
0.0013095159339688064
-0.00021491180358648813
-0.06754574632335017
0.00141964241764744
-0.00021458210905515312
-0.07370498038833648
0.001532441341115303
-0.00021453069839659944
-0.07888440016251394
0.0016473977495619185
-0.00021454481240019326
-0.08307548948228326
0.0017640528839077602
-0.00021457455223279932
-0.0862744466647317
0.0018820366411739264
-0.00021455847180198304
-0.08848046796627931
0.001999771329405908
-7.145786095372664e-5
-0.09112036461274156
0.0019997713294059145
7.145786095310127e-5
-0.09112036461279019
0.0018820366411738984
0.00021455847180161026
-0.08848046796641353
0.0017640528839078006
0.00021457455223230926
-0.08627444666486554
0.0021552826399149206
-0.0001532981679831807
-0.026150685849600723
0.00215528263991575
0.0001532981679896667
-0.026150685849624985
0.0024708524357819357
-0.0001243271466309771
-0.03420480704884282
0.002470852435782823
0.00012432714663892927
-0.03420480704887214
0.001090913785502613
-7.227156605055682e-5
-0.05305813006398504
0.0010909137855026367
7.227156604944096e-5
-0.053058130064024045
0.0011983445247299366
-7.230088971017332e-5
-0.06151443119415637
0.0011983445247298315
7.230088970897775e-5
-0.06151443119419914
0.0013052526449940853
-7.173522757406936e-5
-0.06882048832351954
0.0013052526449940337
7.17352275727469e-5
-0.0688204883235645
0.0014159823268686466
-7.157662902728734e-5
-0.07506314348075413
0.0014159823268686106
7.157662902599386e-5
-0.0750631434808005
0.0015294469338819304
-7.156796217325547e-5
-0.08027995551823196
0.0015294469338818983
7.156796217187852e-5
-0.08027995551827917
0.001645032938337595
-7.15868305858002e-5
-0.0844877938793857
0.0016450329383375193
7.15868305845069e-5
-0.08448779387943359
0.0008149207454541245
-0.00048159900268710524
-0.004310659607871873
0.0007939204206002437
-0.00015298990661449387
-0.0031740978802044886
0.0009569150071413156
-0.0003296493546396517
-0.0051249842858072485
0.0006580498903248801
-0.0003617030691075332
-0.005856079194627105
0.0008149207454561658
0.0004815990026892024
-0.004310659607893091
0.0009569150071428584
0.00032964935464158455
-0.005124984285822683
0.000658049890325947
0.00036170306910891174
-0.005856079194654922
0.0012565000097081258
-0.0003423349680696822
-0.00896838471449727
0.0008649590646545598
-0.0003692217724814115
-0.009752026170962099
0.0008647789750454673
-0.00012129442957471328
-0.008434902503788037
0.0008647789750457921
0.00012129442957552765
-0.008434902503798492
0.0011120873404027152
0.0005090566375715126
-0.007726853669066167
0.0012565000097097064
0.000342334968072903
-0.008968384714521528
0.001404681915885295
-0.00017035395933013227
-0.010772893985071861
0.0015522103528839563
-0.0003441958277746012
-0.01382470282717028
0.0010716150223408429
-0.00012149006987028144
-0.013283065640371119
0.001404681915886098
0.0001703539593332184
-0.010772893985084513
0.0010716150223412026
0.00012149006987171546
-0.013283065640386078
0.0014044545347726954
0.0005173226885382165
-0.012107115121255584
0.0015522103528856621
0.00034419582777917034
-0.013824702827203588
0.0017037488183781742
-0.00016888162598508051
-0.016138740595959985
0.0018456118570801554
-0.00033727400082126616
-0.01969089054429046
0.0012768459891303614
-0.00011927657013766298
-0.019167450638981464
0.0017037488183789678
0.00016888162598935246
-0.016138740595977162
0.0012768459891307434
0.00011927657013971764
-0.019167450639000966
0.0016938424946507844
0.0005147218732715002
-0.01746171171524658
0.0018456118570817732
0.00033727400082714693
-0.01969089054433277
0.0020036663607329677
-0.00016105860697853392
-0.02254645604608104
0.002138240622494896
-0.0003164763507718238
-0.02657401617242352
0.0014822934345528683
-0.00011289443868197369
-0.026107397912480568
0.0020036663607337747
0.0001610586069842052
-0.022546456046102923
0.0014822934345532994
0.00011289443868470264
-0.026107397912504833
0.001979648597482273
0.0004996019511707746
-0.02378791454970467
0.002138240622496465
0.00031647635077896235
-0.02657401617247491
0.002310722716126632
-0.00014147804622286682
-0.03003225708460259
0.0024349221238683643
-0.0002677087186848371
-0.034498380725282156
0.0016921712561524744
-9.819545301961185e-5
-0.03416228070293294
0.0023107227161275087
0.00014147804622984415
-0.030032257084629307
0.0016921712561529115
9.819545302301577e-5
-0.03416228070296222
0.002260016948172143
0.00046077641547222995
-0.031068296833547268
0.002434922123869862
0.0002677087186931484
-0.03449838072534251
0.0026394447852068036
-0.00010129988462383829
-0.03868958547611258
0.0027361267635291737
-0.00016191202904422504
-0.04351824041863649
0.001897127243406964
-7.422343668388618e-5
-0.04344666634212149
0.0026394447852076406
0.00010129988463213117
-0.03868958547614445
0.00189712724340737
7.422343668804321e-5
-0.04344666634215591
0.002531447429281448
0.00037170159472548885
-0.03926558997639713
0.0027361267635306287
0.0001619120290537325
-0.04351824041870579
-0.0007238939678010178
-8.678797094649151e-5
-0.048252128242292316
0.0010382836626362307
-0.0002128445323037644
-0.048001720943858066
-0.0004993344938318995
-0.00024748417616242825
-0.05275238721825373
0.0010912260422274358
-0.00014609868149120033
-0.05283499901369216
0.0002721368322582573
-9.264944780816606e-5
-0.053024490958682245
-0.0007238939678019112
8.678797093404873e-5
-0.0482521282423291
0.0010397292956276633
7.094285142948236e-5
-0.04831285615334654
0.0002721368322578407
9.264944780100143e-5
-0.05302449095872126
-0.0005913349831131802
0.00031917279262341
-0.047935920798036664
-0.0004993344938332582
0.00024748417614976265
-0.05275238721833094
0.0010912260422272064
0.0001460986814902158
-0.052834999013769444
-0.0003074699209067805
-0.000443152189547459
-0.05644143487026181
-0.00037290395288342234
-0.0001328486261449975
-0.057368516843829896
0.0011498868496746739
-0.00021625291247190294
-0.05651629338185962
0.0011995762412181654
-0.0001442580861254925
-0.06112154380926229
0.0005150812247045722
-0.00034963245041634013
-0.06039427477991408
-0.0003729039528841079
0.00013284862613111012
-0.057368516843870995
0.0011468995792840843
7.257695311474523e-5
-0.05744239490844994
0.0007604504692518387
-0.00012024429685911118
-0.006400857751384578
0.001107259348803224
0.000337852984801279
-0.006919489820102253
0.0009667052380196549
-0.00037022570993076165
-0.012063553716146409
0.0009684646286181516
0.0001216775980394502
-0.010729536476076704
0.0010699084140635459
0.00024359353108637893
-0.013781025996599418
0.0011743612946446445
-0.00012074616225120473
-0.016095209835495092
0.0011743612946450133
0.00012074616225294487
-0.016095209835512304
0.0012724168107452831
0.00023995243880395168
-0.019647099776793676
0.0013793861464120529
-0.00011681348311715791
-0.022502950166315528
0.0013793861464124282
0.00011681348311958894
-0.0225029501663374
0.001473042505846376
0.0002293394842310094
-0.026530349053925508
0.0015862620535451377
-0.000106938820887167
-0.02998915355802476
0.0015862620535455568
0.00010693882089019685
-0.029989153558051512
0.0016734334509613603
0.0002042069508298864
-0.03445535445741274
0.0018044296909135865
-8.653421723798668e-5
-0.03864829716591078
0.0018044296909139734
8.653421724159035e-5
-0.03864829716594265
0.0018650589588069316
0.00014970814003284738
-0.043487843993700495
0.00021924141407719938
-0.0002718302953748994
-0.04797327587443627
-0.0007339945111723023
-6.0758123082837755e-15
-0.04827919215924713
-0.0006655725758843066
0.00018762278097308115
-0.04816012649832894
0.00029496267239515763
0.00019627186794113157
-0.0528008000386195
0.0004201076320608695
-0.00033403846190442854
-0.05648485463088457
0.0011465996214060012
-6.290864390020278e-16
-0.05754161254282125
-0.00034110469493983474
0.0002829517647933099
-0.057043458901195866
0.0005028471857031957
0.00022535153988745767
-0.06109076856380646
0.0005938546757892895
-0.0001152852771632502
-0.06527362027694833
0.0012504391584630362
-6.557910406174771e-16
-0.06544677611972016
