3,3,1,1,1
3.0019,3.0019,1,0.99841,1.0034
3.0078,3.0077,1,0.99864,1.0086
3.0175,3.0172,1,1.0007,1.0156
3.0313,3.0305,1,1.0046,1.0244
3.0492,3.0475,1,1.0104,1.0351
3.0711,3.0684,1,1.0181,1.0475
3.0974,3.0929,1,1.0277,1.0618
3.1279,3.1212,1,1.0393,1.0779
3.1628,3.1533,1,1.0529,1.0959
3.2023,3.1892,1,1.0685,1.1157
3.2464,3.2289,1,1.0861,1.1374
3.2952,3.2725,1,1.1059,1.1611
3.349,3.32,1,1.1279,1.1868
3.4078,3.3714,1,1.1521,1.2144
3.4718,3.4268,1,1.1786,1.244
3.5412,3.4863,1,1.2075,1.2758
3.6161,3.55,1,1.2388,1.3096
3.6968,3.6178,1,1.2726,1.3456
3.7834,3.69,1,1.309,1.3839
3.8761,3.7665,1,1.348,1.4244
3.9753,3.8476,1,1.3898,1.4672
4.081,3.9332,1,1.4345,1.5125
4.1937,4.0236,1,1.4822,1.5602
4.3135,4.1188,1,1.5329,1.6105
4.4407,4.2189,1,1.5869,1.6633
4.5757,4.3242,1,1.6441,1.7189
4.7188,4.4348,1,1.7049,1.7773
4.8702,4.5507,1,1.7692,1.8385
5.0304,4.6722,1,1.8372,1.9027
3,3,1,1,1
3.0019,3.0019,1,1.0028,0.99893
3.0076,3.0078,1,1.0075,0.99966
3.0171,3.0176,1,1.0138,1.0022
3.0303,3.0315,1,1.0219,1.0066
3.0471,3.0496,1,1.0318,1.0129
3.0676,3.0719,1,1.0434,1.021
3.0917,3.0986,1,1.0567,1.0311
3.1194,3.1297,1,1.0718,1.0432
3.1507,3.1654,1,1.0886,1.0573
3.1856,3.2059,1,1.1072,1.0735
3.2241,3.2512,1,1.1276,1.0918
3.2663,3.3015,1,1.1497,1.1123
3.312,3.357,1,1.1737,1.135
3.3614,3.4178,1,1.1995,1.1601
3.4145,3.4842,1,1.2272,1.1875
3.4713,3.5563,1,1.2568,1.2173
3.5318,3.6343,1,1.2883,1.2497
3.5962,3.7185,1,1.3218,1.2848
3.6644,3.8091,1,1.3572,1.3225
3.7365,3.9063,1,1.3947,1.3631
3.8126,4.0104,1,1.4343,1.4066
3.8927,4.1218,1,1.4761,1.4531
3.977,4.2406,1,1.52,1.5027
4.0654,4.3672,1,1.5661,1.5557
4.1582,4.5019,1,1.6146,1.612
4.2554,4.6452,1,1.6654,1.6719
4.3571,4.7972,1,1.7186,1.7355
4.4634,4.9585,1,1.7744,1.803
4.5744,5.1294,1,1.8327,1.8744
3,3,1,1,1
3.0019,3.0019,1,1.0189,0.98272
3.0078,3.0077,1,1.0394,0.96698
3.0175,3.0172,1,1.0616,0.95275
3.0313,3.0305,1,1.0855,0.93998
3.0491,3.0476,1,1.1113,0.92864
3.0711,3.0684,1,1.1389,0.91869
3.0973,3.093,1,1.1685,0.91011
3.1277,3.1214,1,1.2001,0.90287
3.1626,3.1535,1,1.2338,0.89694
3.202,3.1895,1,1.2696,0.89229
3.246,3.2293,1,1.3077,0.88892
3.2947,3.273,1,1.3481,0.88679
3.3483,3.3206,1,1.3909,0.88591
3.407,3.3722,1,1.4363,0.88624
3.4708,3.4278,1,1.4843,0.88779
3.54,3.4875,1,1.5351,0.89055
3.6146,3.5514,1,1.5887,0.89451
3.695,3.6195,1,1.6453,0.89966
3.7813,3.692,1,1.705,0.90601
3.8737,3.7689,1,1.768,0.91356
3.9725,3.8503,1,1.8344,0.9223
4.0778,3.9364,1,1.9043,0.93225
4.19,4.0273,1,1.9779,0.94342
4.3093,4.123,1,2.0553,0.95581
4.4359,4.2237,1,2.1369,0.96943
4.5702,4.3297,1,2.2226,0.98431
4.7126,4.4409,1,2.3128,1.0004
4.8632,4.5576,1,2.4075,1.0179
5.0226,4.68,1,2.5071,1.0366
3,3,1,1,1
3.0019,3.0019,1,0.98051,1.0213
3.0077,3.0077,1,0.9628,1.0444
3.0175,3.0173,1,0.94684,1.0695
3.0312,3.0306,1,0.93262,1.0964
3.0488,3.0479,1,0.9201,1.1253
3.0706,3.0689,1,0.90928,1.1562
3.0965,3.0938,1,0.90013,1.1892
3.1266,3.1225,1,0.89266,1.2243
3.161,3.1552,1,0.88685,1.2615
3.1997,3.1918,1,0.88269,1.301
3.243,3.2323,1,0.88019,1.3428
3.2908,3.2769,1,0.87935,1.387
3.3433,3.3256,1,0.88017,1.4336
3.4007,3.3785,1,0.88267,1.4828
3.463,3.4356,1,0.88685,1.5345
3.5305,3.497,1,0.89273,1.5889
3.6032,3.5629,1,0.90032,1.6462
3.6813,3.6332,1,0.90966,1.7063
3.7651,3.7082,1,0.92076,1.7694
3.8547,3.7879,1,0.93365,1.8356
3.9503,3.8724,1,0.94836,1.905
4.0521,3.962,1,0.96494,1.9777
4.1604,4.0567,1,0.98341,2.0539
4.2754,4.1567,1,1.0038,2.1337
4.3973,4.2621,1,1.0262,2.2172
4.5265,4.3732,1,1.0507,2.3045
4.6632,4.49,1,1.0772,2.3959
4.8076,4.6128,1,1.1059,2.4915
4.9602,4.7418,1,1.1369,2.5914
3,3,1,1,1
3.0019,3.0019,1,1.0092,0.99182
3.0078,3.0076,1,1.0195,0.98464
3.0177,3.017,1,1.031,0.97844
3.0316,3.0302,1,1.0436,0.97317
3.0498,3.0469,1,1.0574,0.9688
3.0723,3.0672,1,1.0725,0.9653
3.0992,3.0911,1,1.089,0.96264
3.1306,3.1185,1,1.1068,0.96079
3.1667,3.1495,1,1.1261,0.95973
3.2076,3.1839,1,1.1469,0.95944
3.2534,3.2219,1,1.1692,0.95988
3.3044,3.2633,1,1.1932,0.96105
3.3607,3.3082,1,1.2189,0.96291
3.4225,3.3567,1,1.2464,0.96545
3.49,3.4087,1,1.2758,0.96866
3.5634,3.4642,1,1.3072,0.97251
3.6429,3.5233,1,1.3406,0.97699
3.7287,3.586,1,1.3761,0.98209
3.8212,3.6523,1,1.414,0.98779
3.9205,3.7223,1,1.4541,0.99409
4.027,3.7961,1,1.4967,1.001
4.141,3.8736,1,1.5419,1.0084
4.2627,3.955,1,1.5899,1.0164
4.3925,4.0404,1,1.6406,1.025
4.5308,4.1297,1,1.6943,1.0341
4.6779,4.2231,1,1.7511,1.0438
4.8342,4.3206,1,1.8112,1.0539
5.0001,4.4224,1,1.8747,1.0647
5.1761,4.5285,1,1.9418,1.0759
3,3,1,1,1
3.0019,3.0019,1,1.0171,0.98461
3.0078,3.0076,1,1.036,0.97092
3.0176,3.0171,1,1.0568,0.95888
3.0314,3.0304,1,1.0794,0.94845
3.0494,3.0473,1,1.1041,0.93959
3.0715,3.0679,1,1.1307,0.93228
3.098,3.0923,1,1.1594,0.92648
3.1288,3.1203,1,1.1904,0.92217
3.1642,3.152,1,1.2235,0.91931
3.2042,3.1873,1,1.259,0.91791
3.2489,3.2264,1,1.2969,0.91792
3.2985,3.2692,1,1.3374,0.91935
3.3532,3.3158,1,1.3804,0.92217
3.413,3.3661,1,1.4262,0.92637
3.4783,3.4203,1,1.4748,0.93196
3.5491,3.4784,1,1.5263,0.93892
3.6257,3.5404,1,1.581,0.94725
3.7082,3.6064,1,1.6388,0.95696
3.7969,3.6765,1,1.7,0.96804
3.892,3.7507,1,1.7646,0.98051
3.9938,3.8292,1,1.8329,0.99436
4.1025,3.9119,1,1.9051,1.0096
4.2183,3.9991,1,1.9812,1.0263
4.3417,4.0907,1,2.0614,1.0444
4.4729,4.187,1,2.146,1.0639
4.6122,4.288,1,2.2351,1.0849
4.76,4.3939,1,2.329,1.1074
4.9166,4.5048,1,2.4278,1.1314
5.0824,4.6208,1,2.5318,1.157
3,3,1,1,1
3.0019,3.0019,1,1.0195,0.98194
3.0076,3.0078,1,1.0403,0.96526
3.0171,3.0177,1,1.0627,0.94996
3.0302,3.0316,1,1.0864,0.93604
3.0469,3.0498,1,1.1117,0.92348
3.0672,3.0723,1,1.1384,0.91228
3.0911,3.0991,1,1.1666,0.90245
3.1186,3.1305,1,1.1964,0.89398
3.1496,3.1666,1,1.2278,0.88688
3.184,3.2075,1,1.2608,0.88116
3.222,3.2533,1,1.2954,0.87683
3.2635,3.3042,1,1.3317,0.87389
3.3085,3.3605,1,1.3697,0.87237
3.357,3.4222,1,1.4095,0.87227
3.409,3.4896,1,1.4511,0.87362
3.4646,3.5629,1,1.4946,0.87645
3.5238,3.6423,1,1.54,0.88077
3.5866,3.7281,1,1.5873,0.88662
3.653,3.8205,1,1.6366,0.89403
3.7232,3.9197,1,1.6881,0.90303
3.7971,4.026,1,1.7416,0.91366
3.8748,4.1398,1,1.7973,0.92596
3.9564,4.2614,1,1.8553,0.93998
4.0419,4.391,1,1.9157,0.95577
4.1314,4.5291,1,1.9784,0.97337
4.225,4.6759,1,2.0436,0.99285
4.3228,4.832,1,2.1114,1.0143
4.4248,4.9977,1,2.1818,1.0377
4.5312,5.1734,1,2.255,1.0631
3,3,1,1,1
3.0019,3.0019,1,0.97587,1.0257
3.0076,3.0078,1,0.95328,1.0531
3.0171,3.0177,1,0.93217,1.0823
3.0302,3.0316,1,0.91246,1.1133
3.0469,3.0498,1,0.89411,1.1463
3.0673,3.0722,1,0.87705,1.1812
3.0912,3.0991,1,0.86124,1.2182
3.1187,3.1304,1,0.84662,1.2575
3.1497,3.1665,1,0.83315,1.299
3.1842,3.2073,1,0.82077,1.343
3.2222,3.2531,1,0.80946,1.3895
3.2638,3.3039,1,0.79916,1.4387
3.3088,3.3601,1,0.78984,1.4906
3.3574,3.4218,1,0.78146,1.5455
3.4096,3.4891,1,0.77399,1.6033
3.4653,3.5622,1,0.7674,1.6644
3.5246,3.6415,1,0.76166,1.7289
3.5876,3.7271,1,0.75673,1.7969
3.6542,3.8193,1,0.7526,1.8685
3.7246,3.9183,1,0.74924,1.944
3.7987,4.0244,1,0.74661,2.0236
3.8766,4.1379,1,0.74471,2.1074
3.9585,4.2592,1,0.74351,2.1957
4.0443,4.3885,1,0.74299,2.2887
4.1342,4.5262,1,0.74314,2.3866
4.2282,4.6727,1,0.74393,2.4896
4.3264,4.8284,1,0.74535,2.5981
4.4288,4.9936,1,0.74739,2.7122
4.5357,5.1688,1,0.75003,2.8323
3,3,1,1,1
3.0019,3.0019,1,0.97084,1.0307
3.0077,3.0077,1,0.94321,1.0631
3.0173,3.0174,1,0.91705,1.0972
3.0307,3.0311,1,0.89229,1.1331
3.048,3.0487,1,0.8689,1.1709
3.0692,3.0703,1,0.84682,1.2106
3.0943,3.096,1,0.826,1.2523
3.1233,3.1258,1,0.8064,1.2962
3.1563,3.1599,1,0.78798,1.3422
3.1933,3.1982,1,0.7707,1.3905
3.2344,3.2409,1,0.75452,1.4413
3.2796,3.2881,1,0.73941,1.4945
3.329,3.3399,1,0.72533,1.5503
3.3827,3.3964,1,0.71225,1.6089
3.4408,3.4578,1,0.70015,1.6703
3.5034,3.5241,1,0.689,1.7347
3.5706,3.5955,1,0.67877,1.8021
3.6424,3.6721,1,0.66944,1.8729
3.7191,3.7542,1,0.66099,1.947
3.8006,3.8419,1,0.6534,2.0246
3.8873,3.9354,1,0.64665,2.106
3.9792,4.0349,1,0.64073,2.1912
4.0765,4.1406,1,0.63562,2.2804
4.1794,4.2527,1,0.6313,2.3739
4.2879,4.3714,1,0.62777,2.4718
4.4024,4.4971,1,0.62502,2.5743
4.523,4.63,1,0.62304,2.6816
4.65,4.7703,1,0.62182,2.794
4.7835,4.9183,1,0.62135,2.9116
3,3,1,1,1
3.0019,3.0019,1,1.0064,0.99422
3.0077,3.0078,1,1.0134,0.98905
3.0172,3.0175,1,1.021,0.98449
3.0305,3.0313,1,1.0292,0.98055
3.0475,3.0492,1,1.038,0.97724
3.0683,3.0712,1,1.0474,0.97455
3.0928,3.0975,1,1.0575,0.9725
3.1211,3.1281,1,1.0681,0.9711
3.1531,3.1631,1,1.0794,0.97036
3.1889,3.2026,1,1.0913,0.97028
3.2285,3.2468,1,1.1039,0.97089
3.2719,3.2958,1,1.1171,0.97219
3.3192,3.3497,1,1.131,0.97421
3.3704,3.4087,1,1.1455,0.97695
3.4256,3.473,1,1.1607,0.98044
3.4849,3.5426,1,1.1767,0.9847
3.5482,3.6178,1,1.1933,0.98975
3.6158,3.6988,1,1.2107,0.99561
3.6875,3.7858,1,1.2288,1.0023
3.7637,3.879,1,1.2477,1.0099
3.8443,3.9786,1,1.2674,1.0183
3.9294,4.0849,1,1.2879,1.0277
4.0192,4.1981,1,1.3092,1.038
4.1137,4.3186,1,1.3314,1.0493
4.2132,4.4465,1,1.3544,1.0617
4.3177,4.5823,1,1.3784,1.0751
4.4274,4.7262,1,1.4033,1.0896
4.5424,4.8785,1,1.4291,1.1052
4.663,5.0397,1,1.4559,1.1221
3,3,1,1,1
3.0019,3.0019,1,1.0365,0.96561
3.0078,3.0076,1,1.0751,0.93321
3.0176,3.0171,1,1.116,0.90272
3.0314,3.0304,1,1.1592,0.87408
3.0494,3.0473,1,1.2049,0.84721
3.0715,3.068,1,1.2531,0.82205
3.0979,3.0924,1,1.3041,0.79854
3.1287,3.1204,1,1.3578,0.77661
3.164,3.1522,1,1.4144,0.75621
3.2039,3.1876,1,1.474,0.7373
3.2485,3.2268,1,1.5369,0.71982
3.298,3.2697,1,1.603,0.70373
3.3525,3.3165,1,1.6727,0.68898
3.4122,3.367,1,1.746,0.67554
3.4772,3.4214,1,1.8231,0.66336
3.5478,3.4797,1,1.9042,0.65242
3.6241,3.542,1,1.9894,0.64269
3.7063,3.6083,1,2.0791,0.63413
3.7947,3.6787,1,2.1733,0.62671
3.8894,3.7533,1,2.2723,0.62042
3.9908,3.8321,1,2.3763,0.61523
4.099,3.9153,1,2.4855,0.61112
4.2144,4.003,1,2.6003,0.60807
4.3372,4.0952,1,2.7208,0.60607
4.4677,4.1922,1,2.8474,0.60511
4.6063,4.2939,1,2.9802,0.60517
4.7533,4.4005,1,3.1198,0.60624
4.9091,4.5122,1,3.2662,0.60831
5.074,4.6291,1,3.42,0.61139
3,3,1,1,1
3.0019,3.0019,1,0.99451,1.0065
3.0077,3.0077,1,0.99006,1.0141
3.0175,3.0173,1,0.98664,1.0227
3.0312,3.0306,1,0.98425,1.0324
3.0489,3.0478,1,0.9829,1.0431
3.0706,3.0689,1,0.9826,1.0549
3.0965,3.0937,1,0.98334,1.0678
3.1267,3.1224,1,0.98515,1.0818
3.1611,3.1551,1,0.98803,1.0969
3.1999,3.1916,1,0.99199,1.1132
3.2432,3.2321,1,0.99705,1.1306
3.2911,3.2766,1,1.0032,1.1493
3.3437,3.3253,1,1.0106,1.1691
3.4011,3.378,1,1.019,1.1902
3.4636,3.435,1,1.0287,1.2126
3.5312,3.4963,1,1.0396,1.2363
3.604,3.562,1,1.0517,1.2614
3.6823,3.6322,1,1.0651,1.2878
3.7663,3.707,1,1.0798,1.3156
3.8561,3.7865,1,1.0959,1.345
3.9519,3.8708,1,1.1133,1.3758
4.054,3.9601,1,1.1322,1.4082
4.1626,4.0545,1,1.1525,1.4422
4.2779,4.1542,1,1.1744,1.4779
4.4002,4.2593,1,1.1978,1.5153
4.5297,4.3699,1,1.2229,1.5545
4.6668,4.4864,1,1.2496,1.5956
4.8117,4.6087,1,1.2781,1.6385
4.9648,4.7373,1,1.3084,1.6835
3,3,1,1,1
3.0019,3.0019,1,1.0073,0.99333
3.0077,3.0078,1,1.0153,0.98732
3.0172,3.0175,1,1.024,0.98199
3.0305,3.0313,1,1.0333,0.97732
3.0475,3.0492,1,1.0433,0.97332
3.0683,3.0712,1,1.054,0.97
3.0928,3.0974,1,1.0654,0.96736
3.1211,3.128,1,1.0775,0.96542
3.1531,3.163,1,1.0902,0.96418
3.189,3.2025,1,1.1037,0.96366
3.2286,3.2467,1,1.1179,0.96385
3.2721,3.2956,1,1.1329,0.96479
3.3194,3.3495,1,1.1486,0.96647
3.3707,3.4085,1,1.165,0.96893
3.426,3.4726,1,1.1823,0.97217
3.4853,3.5422,1,1.2003,0.97621
3.5487,3.6173,1,1.2192,0.98109
3.6163,3.6982,1,1.2389,0.98681
3.6882,3.7851,1,1.2595,0.9934
3.7645,3.8782,1,1.2809,1.0009
3.8452,3.9776,1,1.3033,1.0093
3.9305,4.0838,1,1.3265,1.0187
4.0204,4.1969,1,1.3508,1.029
4.1152,4.3171,1,1.376,1.0404
4.2148,4.4449,1,1.4023,1.0528
4.3196,4.5804,1,1.4296,1.0664
4.4295,4.7241,1,1.458,1.081
4.5448,4.8762,1,1.4875,1.0969
4.6656,5.0371,1,1.5182,1.1139
3,3,1,1,1
3.0019,3.0019,1,0.99174,1.0091
3.0077,3.0077,1,0.98434,1.0192
3.0173,3.0174,1,0.97779,1.0302
3.0308,3.031,1,0.97207,1.0421
3.0482,3.0485,1,0.96717,1.055
3.0695,3.0699,1,0.96308,1.0688
3.0948,3.0954,1,0.95979,1.0837
3.1241,3.125,1,0.95729,1.0997
3.1574,3.1587,1,0.95558,1.1167
3.1948,3.1967,1,0.95465,1.1349
3.2364,3.2389,1,0.95449,1.1543
3.2822,3.2855,1,0.95511,1.1748
3.3324,3.3365,1,0.95651,1.1966
3.387,3.3922,1,0.95867,1.2196
3.4461,3.4525,1,0.96162,1.244
3.5098,3.5176,1,0.96534,1.2698
3.5783,3.5877,1,0.96985,1.297
3.6517,3.6629,1,0.97516,1.3257
3.73,3.7432,1,0.98127,1.3559
3.8135,3.829,1,0.98819,1.3878
3.9023,3.9204,1,0.99593,1.4213
3.9966,4.0175,1,1.0045,1.4566
4.0965,4.1206,1,1.0139,1.4937
4.2022,4.2298,1,1.0242,1.5326
4.3139,4.3454,1,1.0354,1.5735
4.4319,4.4676,1,1.0475,1.6165
4.5564,4.5966,1,1.0605,1.6615
4.6875,4.7327,1,1.0745,1.7088
4.8255,4.8762,1,1.0894,1.7585
3,3,1,1,1
3.0019,3.0019,1,0.96353,1.0386
3.0076,3.0078,1,0.9291,1.0794
3.0171,3.0177,1,0.89662,1.1225
3.0302,3.0316,1,0.866,1.1681
3.047,3.0497,1,0.83717,1.2162
3.0674,3.0721,1,0.81005,1.267
3.0913,3.0989,1,0.78457,1.3206
3.1188,3.1303,1,0.76067,1.3771
3.1499,3.1662,1,0.73828,1.4367
3.1845,3.207,1,0.71734,1.4994
3.2227,3.2526,1,0.69779,1.5655
3.2644,3.3034,1,0.67959,1.6352
3.3096,3.3594,1,0.66268,1.7085
3.3584,3.4208,1,0.64701,1.7857
3.4107,3.4879,1,0.63255,1.867
3.4667,3.5608,1,0.61924,1.9525
3.5263,3.6398,1,0.60705,2.0425
3.5896,3.7251,1,0.59595,2.1371
3.6566,3.8169,1,0.58589,2.2367
3.7273,3.9155,1,0.57684,2.3414
3.8019,4.0211,1,0.56878,2.4514
3.8804,4.1342,1,0.56168,2.5672
3.9628,4.2549,1,0.5555,2.6889
4.0493,4.3835,1,0.55023,2.8168
4.1398,4.5206,1,0.54584,2.9513
4.2345,4.6663,1,0.54232,3.0926
4.3335,4.8211,1,0.53964,3.2412
4.4369,4.9854,1,0.53779,3.3973
4.5447,5.1596,1,0.53675,3.5613
3,3,1,1,1
3.0019,3.0019,1,0.98785,1.0129
3.0078,3.0076,1,0.97651,1.0267
3.0177,3.017,1,0.96597,1.0412
3.0318,3.03,1,0.95625,1.0566
3.05,3.0467,1,0.94735,1.0727
3.0726,3.0669,1,0.93927,1.0896
3.0997,3.0905,1,0.93203,1.1074
3.1314,3.1177,1,0.92563,1.126
3.1679,3.1483,1,0.9201,1.1453
3.2092,3.1822,1,0.91544,1.1655
3.2557,3.2196,1,0.91167,1.1866
3.3074,3.2604,1,0.90881,1.2084
3.3645,3.3045,1,0.90687,1.2312
3.4272,3.352,1,0.90588,1.2547
3.4958,3.4028,1,0.90586,1.2792
3.5705,3.4571,1,0.90683,1.3046
3.6514,3.5147,1,0.90881,1.3308
3.739,3.5758,1,0.91184,1.358
3.8333,3.6402,1,0.91595,1.3861
3.9348,3.7082,1,0.92117,1.4152
4.0436,3.7796,1,0.92752,1.4452
4.1602,3.8546,1,0.93506,1.4763
4.2848,3.9331,1,0.94381,1.5083
4.4179,4.0153,1,0.95383,1.5414
4.5597,4.1011,1,0.96515,1.5755
4.7107,4.1907,1,0.97782,1.6107
4.8713,4.2841,1,0.9919,1.6471
5.0419,4.3813,1,1.0074,1.6845
5.223,4.4825,1,1.0245,1.7232
3,3,1,1,1
3.0019,3.0019,1,1.0274,0.97462
3.0078,3.0076,1,1.0568,0.95116
3.0176,3.0171,1,1.0883,0.92954
3.0315,3.0303,1,1.122,0.9097
3.0496,3.0471,1,1.1581,0.89159
3.0719,3.0676,1,1.1965,0.87516
3.0986,3.0917,1,1.2374,0.86036
3.1297,3.1194,1,1.2809,0.84714
3.1654,3.1507,1,1.3271,0.83545
3.2058,3.1856,1,1.3762,0.82526
3.2511,3.2242,1,1.4281,0.81654
3.3014,3.2663,1,1.4831,0.80925
3.3569,3.3121,1,1.5414,0.80335
3.4177,3.3615,1,1.6029,0.79883
3.4841,3.4146,1,1.668,0.79566
3.5561,3.4714,1,1.7367,0.79381
3.6342,3.5319,1,1.8092,0.79327
3.7183,3.5963,1,1.8857,0.79402
3.8089,3.6645,1,1.9663,0.79604
3.9061,3.7367,1,2.0514,0.79933
4.0102,3.8128,1,2.141,0.80387
4.1215,3.893,1,2.2354,0.80966
4.2403,3.9773,1,2.3348,0.81669
4.3668,4.0658,1,2.4394,0.82496
4.5015,4.1587,1,2.5496,0.83447
4.6447,4.2559,1,2.6655,0.84521
4.7966,4.3577,1,2.7874,0.85721
4.9579,4.464,1,2.9157,0.87045
5.1287,4.5751,1,3.0506,0.88495
3,3,1,1,1
3.0019,3.0019,1,1.0204,0.98124
3.0078,3.0076,1,1.0424,0.96401
3.0176,3.0171,1,1.0661,0.94827
3.0315,3.0303,1,1.0916,0.93397
3.0495,3.0472,1,1.1189,0.92105
3.0718,3.0677,1,1.1482,0.90949
3.0984,3.0919,1,1.1794,0.89924
3.1294,3.1197,1,1.2127,0.89026
3.165,3.1512,1,1.2482,0.88252
3.2052,3.1862,1,1.286,0.87599
3.2503,3.225,1,1.3261,0.87064
3.3004,3.2673,1,1.3686,0.86644
3.3556,3.3134,1,1.4138,0.86337
3.416,3.3631,1,1.4616,0.8614
3.482,3.4166,1,1.5121,0.86052
3.5536,3.4739,1,1.5656,0.86071
3.6311,3.535,1,1.6222,0.86195
3.7147,3.5999,1,1.682,0.86423
3.8046,3.6688,1,1.745,0.86754
3.901,3.7417,1,1.8116,0.87187
4.0043,3.8187,1,1.8818,0.8772
4.1146,3.8998,1,1.9559,0.88354
4.2324,3.9851,1,2.0339,0.89088
4.3578,4.0748,1,2.1161,0.89921
4.4912,4.1688,1,2.2027,0.90854
4.633,4.2674,1,2.2939,0.91887
4.7835,4.3707,1,2.3899,0.9302
4.943,4.4786,1,2.491,0.94253
5.1121,4.5915,1,2.5973,0.95587
3,3,1,1,1
3.0019,3.0019,1,0.99353,1.008
3.0076,3.0078,1,0.9885,1.0175
3.0169,3.0178,1,0.98487,1.0285
3.0299,3.0319,1,0.98261,1.0413
3.0463,3.0504,1,0.98167,1.0557
3.0662,3.0733,1,0.98202,1.0719
3.0895,3.1007,1,0.98364,1.0899
3.1162,3.1329,1,0.98649,1.1098
3.1461,3.17,1,0.99055,1.1317
3.1793,3.2122,1,0.99579,1.1556
3.2157,3.2596,1,1.0022,1.1817
3.2553,3.3125,1,1.0097,1.21
3.298,3.371,1,1.0184,1.2406
3.3438,3.4354,1,1.0282,1.2736
3.3928,3.5059,1,1.039,1.3091
3.4448,3.5828,1,1.051,1.3473
3.4999,3.6663,1,1.064,1.3881
3.5581,3.7568,1,1.0781,1.4319
3.6193,3.8544,1,1.0932,1.4787
3.6836,3.9595,1,1.1094,1.5286
3.751,4.0724,1,1.1266,1.5817
3.8215,4.1936,1,1.1448,1.6383
3.8951,4.3233,1,1.1641,1.6985
3.9718,4.4619,1,1.1845,1.7625
4.0517,4.6099,1,1.2058,1.8304
4.1347,4.7677,1,1.2282,1.9024
4.2209,4.9357,1,1.2517,1.9787
4.3103,5.1144,1,1.2762,2.0596
4.403,5.3044,1,1.3018,2.1453
3,3,1,1,1
3.0019,3.0019,1,0.97805,1.0234
3.0078,3.0076,1,0.9575,1.0481
3.0177,3.0171,1,0.93831,1.0744
3.0316,3.0302,1,0.92048,1.1021
3.0497,3.047,1,0.90399,1.1314
3.0721,3.0674,1,0.88882,1.1622
3.0988,3.0914,1,0.87497,1.1946
3.1301,3.119,1,0.86243,1.2286
3.166,3.1501,1,0.8512,1.2642
3.2067,3.1848,1,0.84126,1.3016
3.2522,3.2231,1,0.83262,1.3407
3.3029,3.2649,1,0.82529,1.3816
3.3587,3.3102,1,0.81926,1.4243
3.42,3.3592,1,0.81454,1.469
3.4869,3.4117,1,0.81114,1.5156
3.5596,3.4679,1,0.80907,1.5642
3.6384,3.5277,1,0.80834,1.6148
3.7233,3.5913,1,0.80898,1.6676
3.8148,3.6586,1,0.81099,1.7226
3.9131,3.7297,1,0.8144,1.7799
4.0183,3.8047,1,0.81924,1.8395
4.1309,3.8836,1,0.82552,1.9015
4.2511,3.9666,1,0.83329,1.966
4.3792,4.0535,1,0.84257,2.0331
4.5156,4.1447,1,0.85339,2.1029
4.6607,4.24,1,0.86581,2.1754
4.8148,4.3398,1,0.87985,2.2508
4.9783,4.4439,1,0.89558,2.3291
5.1516,4.5526,1,0.91302,2.4104
3,3,1,1,1
3.0019,3.0019,1,1.016,0.98508
3.0078,3.0077,1,1.0331,0.97118
3.0175,3.0172,1,1.0513,0.95826
3.0313,3.0305,1,1.0707,0.94629
3.0491,3.0476,1,1.0914,0.93523
3.071,3.0685,1,1.1134,0.92505
3.0971,3.0931,1,1.1367,0.91572
3.1276,3.1215,1,1.1614,0.90721
3.1624,3.1538,1,1.1877,0.89949
3.2017,3.1898,1,1.2154,0.89254
3.2456,3.2297,1,1.2447,0.88634
3.2942,3.2735,1,1.2758,0.88085
3.3476,3.3213,1,1.3085,0.87607
3.4061,3.3731,1,1.3431,0.87197
3.4697,3.4289,1,1.3797,0.86854
3.5386,3.4888,1,1.4182,0.86575
3.613,3.553,1,1.4588,0.86359
3.6931,3.6215,1,1.5015,0.86205
3.779,3.6943,1,1.5466,0.86111
3.871,3.7716,1,1.594,0.86077
3.9694,3.8535,1,1.644,0.861
4.0742,3.94,1,1.6965,0.86181
4.1858,4.0314,1,1.7518,0.86318
4.3045,4.1277,1,1.8099,0.86511
4.4305,4.2291,1,1.871,0.86759
4.5641,4.3358,1,1.9353,0.87061
4.7056,4.4478,1,2.0028,0.87417
4.8554,4.5654,1,2.0738,0.87827
5.0138,4.6887,1,2.1483,0.8829
3,3,1,1,1
3.0019,3.0019,1,1.0371,0.96451
3.0077,3.0077,1,1.076,0.9306
3.0174,3.0173,1,1.1166,0.89818
3.031,3.0308,1,1.1591,0.8672
3.0486,3.0481,1,1.2036,0.83759
3.0701,3.0694,1,1.2502,0.8093
3.0957,3.0945,1,1.2988,0.78226
3.1255,3.1237,1,1.3498,0.75642
3.1594,3.1568,1,1.403,0.73174
3.1975,3.194,1,1.4588,0.70814
3.24,3.2353,1,1.5171,0.6856
3.2869,3.2808,1,1.578,0.66407
3.3384,3.3305,1,1.6418,0.64349
3.3945,3.3847,1,1.7086,0.62383
3.4554,3.4432,1,1.7784,0.60505
3.5212,3.5063,1,1.8514,0.58711
3.592,3.5741,1,1.9278,0.56998
3.6679,3.6466,1,2.0076,0.55361
3.7493,3.724,1,2.0912,0.53798
3.8361,3.8064,1,2.1786,0.52305
3.9286,3.8941,1,2.27,0.5088
4.0271,3.987,1,2.3656,0.49518
4.1316,4.0855,1,2.4656,0.48218
4.2424,4.1897,1,2.5702,0.46977
4.3597,4.2997,1,2.6796,0.45793
4.4838,4.4157,1,2.7941,0.44662
4.6149,4.5381,1,2.9137,0.43583
4.7533,4.6669,1,3.0389,0.42553
4.8994,4.8024,1,3.1699,0.4157
3,3,1,1,1
3.0019,3.0019,1,0.99418,1.0061
3.0077,3.0077,1,0.98867,1.0126
3.0175,3.0172,1,0.98348,1.0194
3.0312,3.0306,1,0.97859,1.0265
3.0489,3.0478,1,0.97402,1.034
3.0707,3.0688,1,0.96975,1.0417
3.0966,3.0937,1,0.9658,1.0499
3.1267,3.1224,1,0.96215,1.0584
3.1612,3.155,1,0.95882,1.0672
3.2,3.1915,1,0.9558,1.0764
3.2433,3.2319,1,0.95309,1.086
3.2913,3.2764,1,0.9507,1.096
3.344,3.325,1,0.94863,1.1064
3.4015,3.3777,1,0.94688,1.1172
3.464,3.4346,1,0.94547,1.1284
3.5317,3.4958,1,0.94438,1.1401
3.6046,3.5614,1,0.94364,1.1522
3.6831,3.6315,1,0.94325,1.1647
3.7672,3.7061,1,0.94321,1.1777
3.8571,3.7855,1,0.94353,1.1912
3.9531,3.8696,1,0.94423,1.2052
4.0554,3.9587,1,0.9453,1.2198
4.1642,4.053,1,0.94676,1.2349
4.2797,4.1524,1,0.94862,1.2505
4.4023,4.2572,1,0.9509,1.2667
4.5321,4.3676,1,0.9536,1.2835
4.6694,4.4837,1,0.95674,1.3009
4.8147,4.6058,1,0.96033,1.319
4.9681,4.734,1,0.96438,1.3377
3,3,1,1,1
3.0019,3.0019,1,0.99986,1.0011
3.0078,3.0076,1,1.0007,1.0031
3.0177,3.017,1,1.0025,1.006
3.0318,3.03,1,1.0054,1.0098
3.0501,3.0466,1,1.0093,1.0144
3.0727,3.0668,1,1.0143,1.0199
3.0999,3.0904,1,1.0205,1.0261
3.1316,3.1175,1,1.0279,1.0332
3.1682,3.148,1,1.0364,1.0411
3.2096,3.1819,1,1.0462,1.0498
3.2562,3.2191,1,1.0574,1.0592
3.308,3.2597,1,1.0699,1.0693
3.3653,3.3037,1,1.0838,1.0802
3.4283,3.3509,1,1.0992,1.0919
3.4971,3.4016,1,1.1161,1.1042
3.572,3.4555,1,1.1346,1.1173
3.6533,3.5128,1,1.1548,1.1311
3.7412,3.5735,1,1.1767,1.1457
3.836,3.6376,1,1.2004,1.1609
3.9379,3.7051,1,1.2259,1.1768
4.0473,3.776,1,1.2535,1.1935
4.1644,3.8504,1,1.2831,1.2108
4.2897,3.9283,1,1.3148,1.2289
4.4235,4.0098,1,1.3488,1.2476
4.5661,4.0949,1,1.3851,1.2671
4.7179,4.1836,1,1.4239,1.2873
4.8794,4.2761,1,1.4652,1.3081
5.051,4.3723,1,1.5092,1.3298
5.2333,4.4725,1,1.556,1.3521
3,3,1,1,1
3.0019,3.0019,1,0.99602,1.0058
3.0076,3.0078,1,0.99385,1.0135
3.0171,3.0176,1,0.99349,1.0231
3.0304,3.0314,1,0.99491,1.0347
3.0473,3.0494,1,0.99809,1.0482
3.068,3.0715,1,1.003,1.0637
3.0923,3.0979,1,1.0097,1.0813
3.1203,3.1288,1,1.0182,1.101
3.1521,3.1641,1,1.0284,1.1229
3.1875,3.204,1,1.0403,1.1471
3.2266,3.2487,1,1.054,1.1735
3.2695,3.2983,1,1.0695,1.2023
3.3161,3.3529,1,1.0868,1.2335
3.3665,3.4126,1,1.1058,1.2673
3.4208,3.4778,1,1.1267,1.3037
3.479,3.5485,1,1.1494,1.3428
3.5411,3.6249,1,1.1739,1.3846
3.6073,3.7073,1,1.2004,1.4294
3.6775,3.7958,1,1.2287,1.4772
3.7519,3.8908,1,1.2591,1.5281
3.8306,3.9923,1,1.2914,1.5822
3.9135,4.1008,1,1.3258,1.6398
4.0009,4.2165,1,1.3622,1.7008
4.0929,4.3396,1,1.4008,1.7655
4.1895,4.4704,1,1.4415,1.834
4.2908,4.6094,1,1.4845,1.9065
4.397,4.7568,1,1.5298,1.9832
4.5083,4.913,1,1.5774,2.0641
4.6247,5.0784,1,1.6275,2.1496
3,3,1,1,1
3.0019,3.0019,1,1.0063,0.9954
3.0078,3.0076,1,1.0143,0.99247
3.0177,3.017,1,1.0242,0.99118
3.0318,3.03,1,1.0358,0.9915
3.05,3.0467,1,1.0494,0.99339
3.0726,3.0668,1,1.0648,0.99684
3.0997,3.0905,1,1.0823,1.0018
3.1315,3.1176,1,1.1018,1.0083
3.1679,3.1482,1,1.1235,1.0164
3.2093,3.1822,1,1.1473,1.0259
3.2558,3.2195,1,1.1734,1.0369
3.3075,3.2603,1,1.2019,1.0494
3.3646,3.3044,1,1.2328,1.0633
3.4274,3.3518,1,1.2662,1.0788
3.496,3.4026,1,1.3023,1.0957
3.5707,3.4568,1,1.3411,1.1141
3.6518,3.5144,1,1.3827,1.1339
3.7393,3.5754,1,1.4273,1.1553
3.8338,3.6398,1,1.4749,1.1782
3.9353,3.7076,1,1.5258,1.2026
4.0442,3.779,1,1.58,1.2285
4.1609,3.8539,1,1.6378,1.256
4.2857,3.9323,1,1.6991,1.285
4.4188,4.0144,1,1.7643,1.3156
4.5608,4.1001,1,1.8335,1.3479
4.7119,4.1895,1,1.9068,1.3818
4.8727,4.2827,1,1.9845,1.4173
5.0434,4.3798,1,2.0668,1.4546
5.2247,4.4808,1,2.1538,1.4936
3,3,1,1,1
3.0019,3.0019,1,0.99071,1.0099
3.0078,3.0077,1,0.98202,1.0204
3.0175,3.0172,1,0.97394,1.0315
3.0313,3.0305,1,0.96645,1.0433
3.0492,3.0475,1,0.95956,1.0557
3.0712,3.0683,1,0.95326,1.0688
3.0974,3.0928,1,0.94756,1.0825
3.128,3.1211,1,0.94246,1.0969
3.163,3.1532,1,0.93796,1.1119
3.2025,3.189,1,0.93407,1.1277
3.2467,3.2286,1,0.93079,1.1442
3.2956,3.2721,1,0.92812,1.1614
3.3495,3.3195,1,0.92607,1.1793
3.4084,3.3707,1,0.92466,1.198
3.4726,3.426,1,0.92389,1.2176
3.5421,3.4853,1,0.92377,1.2379
3.6173,3.5488,1,0.92431,1.259
3.6982,3.6164,1,0.92553,1.281
3.785,3.6883,1,0.92745,1.3039
3.8781,3.7646,1,0.93007,1.3277
3.9775,3.8453,1,0.93342,1.3525
4.0837,3.9306,1,0.93751,1.3782
4.1967,4.0206,1,0.94237,1.4049
4.317,4.1153,1,0.94801,1.4326
4.4447,4.215,1,0.95446,1.4614
4.5802,4.3198,1,0.96175,1.4913
4.7238,4.4297,1,0.9699,1.5223
4.8759,4.5451,1,0.97894,1.5546
5.0367,4.6659,1,0.9889,1.588
3,3,1,1,1
3.0019,3.0019,1,0.97947,1.022
3.0077,3.0077,1,0.9604,1.0456
3.0175,3.0172,1,0.94279,1.0708
3.0312,3.0306,1,0.92659,1.0975
3.0489,3.0478,1,0.91178,1.1259
3.0706,3.0688,1,0.89835,1.1561
3.0966,3.0937,1,0.88627,1.1879
3.1267,3.1224,1,0.87553,1.2216
3.1611,3.155,1,0.86611,1.2572
3.2,3.1915,1,0.85801,1.2946
3.2433,3.232,1,0.85122,1.334
3.2912,3.2765,1,0.84573,1.3755
3.3438,3.3251,1,0.84153,1.4191
3.4013,3.3778,1,0.83863,1.4649
3.4638,3.4348,1,0.83703,1.5129
3.5314,3.496,1,0.83673,1.5632
3.6044,3.5617,1,0.83773,1.616
3.6827,3.6318,1,0.84005,1.6713
3.7668,3.7065,1,0.8437,1.7292
3.8567,3.7859,1,0.84869,1.7898
3.9526,3.8702,1,0.85504,1.8532
4.0548,3.9594,1,0.86277,1.9196
4.1635,4.0537,1,0.87189,1.9889
4.2789,4.1532,1,0.88244,2.0614
4.4013,4.2582,1,0.89444,2.1372
4.531,4.3687,1,0.90793,2.2163
4.6683,4.4849,1,0.92293,2.299
4.8134,4.6071,1,0.93948,2.3853
4.9666,4.7355,1,0.95763,2.4755
3,3,1,1,1
3.0019,3.0019,1,0.98655,1.0149
3.0076,3.0078,1,0.97453,1.0314
3.017,3.0177,1,0.96389,1.0495
3.0301,3.0317,1,0.95459,1.0692
3.0467,3.05,1,0.94658,1.0906
3.067,3.0725,1,0.93983,1.1138
3.0907,3.0996,1,0.93429,1.1389
3.1179,3.1312,1,0.92994,1.166
3.1486,3.1675,1,0.92673,1.195
3.1827,3.2088,1,0.92465,1.2262
3.2203,3.255,1,0.92365,1.2595
3.2612,3.3065,1,0.92373,1.2952
3.3056,3.3634,1,0.92484,1.3332
3.3533,3.4259,1,0.92698,1.3738
3.4045,3.4941,1,0.93012,1.4169
3.4591,3.5684,1,0.93425,1.4628
3.5172,3.649,1,0.93934,1.5116
3.5787,3.736,1,0.94539,1.5633
3.6437,3.8298,1,0.95238,1.6182
3.7122,3.9307,1,0.9603,1.6764
3.7843,4.0389,1,0.96914,1.738
3.86,4.1547,1,0.97889,1.8031
3.9394,4.2785,1,0.98955,1.8721
4.0225,4.4106,1,1.0011,1.945
4.1093,4.5514,1,1.0136,2.022
4.2,4.7013,1,1.0269,2.1034
4.2946,4.8607,1,1.0412,2.1893
4.3931,5.0299,1,1.0564,2.28
4.4957,5.2096,1,1.0724,2.3756
3,3,1,1,1
3.0019,3.0019,1,1.0137,0.98674
3.0076,3.0078,1,1.0279,0.97396
3.017,3.0178,1,1.0425,0.96164
3.03,3.0318,1,1.0576,0.94979
3.0465,3.0502,1,1.0732,0.93842
3.0666,3.0729,1,1.0892,0.92754
3.0902,3.1001,1,1.1056,0.91715
3.1171,3.132,1,1.1226,0.90725
3.1474,3.1687,1,1.1399,0.89786
3.1811,3.2104,1,1.1578,0.88897
3.2181,3.2572,1,1.1761,0.88061
3.2584,3.3093,1,1.1948,0.87278
3.302,3.3669,1,1.214,0.86548
3.3489,3.4303,1,1.2337,0.85874
3.399,3.4996,1,1.2538,0.85256
3.4524,3.5752,1,1.2744,0.84695
3.5091,3.6571,1,1.2955,0.84193
3.5691,3.7457,1,1.3171,0.83752
3.6323,3.8413,1,1.3391,0.83372
3.6989,3.9441,1,1.3616,0.83056
3.7688,4.0545,1,1.3846,0.82805
3.8421,4.1728,1,1.4081,0.82622
3.9187,4.2994,1,1.4321,0.82507
3.9988,4.4346,1,1.4567,0.82464
4.0824,4.5787,1,1.4817,0.82495
4.1695,4.7323,1,1.5072,0.82602
4.2601,4.8957,1,1.5333,0.82788
4.3544,5.0693,1,1.5599,0.83055
4.4524,5.2538,1,1.587,0.83406
3,3,1,1,1
3.0019,3.0019,1,1.0402,0.96189
3.0077,3.0077,1,1.0825,0.92578
3.0175,3.0172,1,1.1271,0.89158
3.0312,3.0306,1,1.1741,0.85923
3.049,3.0477,1,1.2235,0.82865
3.0708,3.0687,1,1.2755,0.79977
3.0968,3.0934,1,1.3302,0.77252
3.1271,3.122,1,1.3876,0.74686
3.1617,3.1544,1,1.448,0.72272
3.2007,3.1907,1,1.5114,0.70005
3.2443,3.231,1,1.578,0.6788
3.2926,3.2752,1,1.6479,0.65892
3.3456,3.3234,1,1.7214,0.64036
3.4035,3.3757,1,1.7984,0.62309
3.4665,3.4321,1,1.8793,0.60706
3.5347,3.4927,1,1.9641,0.59224
3.6083,3.5577,1,2.0531,0.57859
3.6875,3.6271,1,2.1464,0.56608
3.7724,3.7009,1,2.2443,0.55468
3.8633,3.7794,1,2.3469,0.54436
3.9603,3.8625,1,2.4546,0.5351
4.0637,3.9505,1,2.5674,0.52688
4.1737,4.0435,1,2.6857,0.51967
4.2906,4.1415,1,2.8097,0.51345
4.4147,4.2449,1,2.9397,0.50821
4.5461,4.3536,1,3.0759,0.50394
4.6853,4.4679,1,3.2187,0.50061
4.8326,4.588,1,3.3683,0.49822
4.9882,4.714,1,3.5251,0.49676
3,3,1,1,1
3.0019,3.0019,1,1.0156,0.98523
3.0077,3.0077,1,1.0321,0.97125
3.0174,3.0174,1,1.0494,0.95806
3.0309,3.0309,1,1.0677,0.94561
3.0483,3.0484,1,1.0869,0.93389
3.0697,3.0698,1,1.1071,0.92287
3.095,3.0953,1,1.1284,0.91254
3.1243,3.1248,1,1.1507,0.90288
3.1578,3.1584,1,1.1741,0.89386
3.1953,3.1961,1,1.1987,0.88548
3.2371,3.2382,1,1.2245,0.8777
3.2832,3.2846,1,1.2515,0.87053
3.3336,3.3354,1,1.2799,0.86395
3.3885,3.3907,1,1.3096,0.85795
3.4479,3.4507,1,1.3407,0.85251
3.512,3.5154,1,1.3733,0.84762
3.581,3.585,1,1.4074,0.84328
3.6548,3.6597,1,1.4431,0.83948
3.7337,3.7395,1,1.4805,0.83622
3.8179,3.8247,1,1.5196,0.83348
3.9074,3.9153,1,1.5605,0.83126
4.0025,4.0116,1,1.6033,0.82956
4.1033,4.1138,1,1.6481,0.82837
4.21,4.222,1,1.695,0.8277
4.3228,4.3365,1,1.7439,0.82755
4.442,4.4575,1,1.7952,0.82791
4.5677,4.5852,1,1.8487,0.82878
4.7002,4.72,1,1.9047,0.83017
4.8398,4.8619,1,1.9632,0.83208
3,3,1,1,1
3.0019,3.0019,1,0.96966,1.0322
3.0077,3.0077,1,0.94115,1.0664
3.0173,3.0175,1,0.9144,1.1026
3.0307,3.0311,1,0.88936,1.141
3.0479,3.0488,1,0.86596,1.1815
3.069,3.0705,1,0.84417,1.2243
3.0939,3.0964,1,0.82392,1.2695
3.1227,3.1264,1,0.80518,1.3171
3.1554,3.1608,1,0.7879,1.3673
3.192,3.1995,1,0.77204,1.4202
3.2327,3.2426,1,0.75757,1.4759
3.2774,3.2903,1,0.74446,1.5344
3.3262,3.3427,1,0.73266,1.596
3.3792,3.3999,1,0.72216,1.6608
3.4365,3.4621,1,0.71294,1.7289
3.4981,3.5293,1,0.70495,1.8004
3.5642,3.6018,1,0.6982,1.8754
3.6348,3.6797,1,0.69265,1.9543
3.7101,3.7632,1,0.68829,2.037
3.7901,3.8524,1,0.68511,2.1239
3.8751,3.9477,1,0.6831,2.215
3.965,4.0491,1,0.68225,2.3105
4.0602,4.1569,1,0.68255,2.4108
4.1607,4.2714,1,0.684,2.5159
4.2667,4.3928,1,0.68659,2.626
4.3783,4.5213,1,0.69032,2.7416
4.4958,4.6573,1,0.69521,2.8626
4.6194,4.801,1,0.70124,2.9895
4.7492,4.9528,1,0.70844,3.1225
3,3,1,1,1
3.0019,3.0019,1,0.95877,1.0433
3.0076,3.0078,1,0.91957,1.0889
3.0171,3.0176,1,0.88231,1.1368
3.0303,3.0315,1,0.84689,1.1872
3.0473,3.0494,1,0.81324,1.2401
3.0679,3.0716,1,0.78127,1.2957
3.0921,3.0981,1,0.75092,1.3541
3.1201,3.129,1,0.7221,1.4154
3.1517,3.1645,1,0.69475,1.4799
3.1869,3.2046,1,0.6688,1.5475
3.2259,3.2494,1,0.6442,1.6186
3.2685,3.2992,1,0.62088,1.6932
3.3149,3.354,1,0.59879,1.7716
3.365,3.4141,1,0.57788,1.8539
3.419,3.4796,1,0.55809,1.9403
3.4768,3.5507,1,0.53937,2.0309
3.5384,3.6276,1,0.52169,2.1261
3.6041,3.7106,1,0.505,2.2261
3.6737,3.7997,1,0.48925,2.3309
3.7474,3.8953,1,0.47441,2.441
3.8253,3.9976,1,0.46044,2.5566
3.9075,4.1069,1,0.44731,2.6778
3.994,4.2235,1,0.43498,2.8051
4.0849,4.3476,1,0.42342,2.9387
4.1804,4.4796,1,0.4126,3.0788
4.2805,4.6198,1,0.4025,3.2259
4.3854,4.7686,1,0.39308,3.3803
4.4952,4.9263,1,0.38432,3.5422
4.6101,5.0933,1,0.3762,3.7122
3,3,1,1,1
3.0019,3.0019,1,0.99251,1.0085
3.0077,3.0077,1,0.98598,1.0179
3.0172,3.0175,1,0.98039,1.0285
3.0306,3.0312,1,0.97571,1.04
3.0478,3.0489,1,0.97193,1.0527
3.0688,3.0707,1,0.96904,1.0665
3.0936,3.0966,1,0.96702,1.0814
3.1223,3.1268,1,0.96586,1.0976
3.1549,3.1612,1,0.96554,1.115
3.1914,3.2001,1,0.96607,1.1337
3.2318,3.2435,1,0.96742,1.1537
3.2762,3.2915,1,0.96961,1.1751
3.3247,3.3442,1,0.97261,1.1979
3.3774,3.4018,1,0.97643,1.2222
3.4342,3.4644,1,0.98107,1.248
3.4954,3.5321,1,0.98653,1.2754
3.5609,3.6052,1,0.99281,1.3045
3.6308,3.6837,1,0.99991,1.3354
3.7054,3.7679,1,1.0078,1.368
3.7846,3.858,1,1.0166,1.4025
3.8686,3.9542,1,1.0262,1.439
3.9575,4.0566,1,1.0367,1.4775
4.0516,4.1656,1,1.048,1.5182
4.1508,4.2813,1,1.0602,1.561
4.2554,4.4041,1,1.0733,1.6062
4.3656,4.5341,1,1.0874,1.6538
4.4814,4.6718,1,1.1023,1.7039
4.6032,4.8173,1,1.1182,1.7566
4.7311,4.9711,1,1.135,1.812
3,3,1,1,1
3.0019,3.0019,1,1.0259,0.97571
3.0077,3.0078,1,1.0534,0.95298
3.0172,3.0175,1,1.0826,0.93177
3.0305,3.0313,1,1.1135,0.91206
3.0475,3.0492,1,1.1461,0.89383
3.0683,3.0712,1,1.1805,0.87704
3.0929,3.0974,1,1.2168,0.86168
3.1211,3.128,1,1.255,0.84774
3.1532,3.1629,1,1.2952,0.83518
3.189,3.2024,1,1.3374,0.82401
3.2287,3.2466,1,1.3817,0.81421
3.2722,3.2955,1,1.4281,0.80578
3.3196,3.3494,1,1.4768,0.7987
3.3709,3.4083,1,1.5278,0.79297
3.4262,3.4724,1,1.5811,0.7886
3.4856,3.5419,1,1.6369,0.78559
3.5491,3.617,1,1.6953,0.78393
3.6168,3.6978,1,1.7563,0.78364
3.6887,3.7846,1,1.82,0.78474
3.7651,3.8776,1,1.8866,0.78722
3.8459,3.977,1,1.9561,0.7911
3.9313,4.083,1,2.0287,0.79641
4.0213,4.1959,1,2.1044,0.80316
4.1162,4.3161,1,2.1834,0.81138
4.216,4.4437,1,2.2657,0.8211
4.3209,4.5791,1,2.3517,0.83233
4.431,4.7225,1,2.4413,0.84512
4.5465,4.8744,1,2.5347,0.85951
4.6675,5.0351,1,2.632,0.87552
3,3,1,1,1
3.0019,3.0019,1,1.0352,0.96651
3.0077,3.0077,1,1.0723,0.93468
3.0175,3.0172,1,1.1112,0.90446
3.0312,3.0306,1,1.1522,0.87577
3.0489,3.0478,1,1.1952,0.84854
3.0708,3.0687,1,1.2404,0.82272
3.0968,3.0935,1,1.2878,0.79825
3.127,3.1221,1,1.3377,0.77507
3.1616,3.1546,1,1.39,0.75314
3.2005,3.1909,1,1.4449,0.73239
3.2441,3.2312,1,1.5025,0.7128
3.2922,3.2755,1,1.5629,0.6943
3.3451,3.3238,1,1.6264,0.67687
3.403,3.3762,1,1.6929,0.66045
3.4658,3.4328,1,1.7627,0.64502
3.5339,3.4936,1,1.8358,0.63053
3.6073,3.5587,1,1.9126,0.61695
3.6863,3.6283,1,1.993,0.60425
3.771,3.7023,1,2.0774,0.59239
3.8616,3.781,1,2.1658,0.58136
3.9583,3.8645,1,2.2585,0.57113
4.0614,3.9528,1,2.3557,0.56166
4.1711,4.0461,1,2.4576,0.55293
4.2876,4.1445,1,2.5643,0.54493
4.4113,4.2482,1,2.6762,0.53763
4.5423,4.3574,1,2.7935,0.53101
4.681,4.4723,1,2.9163,0.52506
4.8277,4.5929,1,3.0451,0.51976
4.9827,4.7195,1,3.18,0.51509
3,3,1,1,1
3.0019,3.0019,1,0.99881,1.0016
3.0077,3.0077,1,0.99799,1.0035
3.0173,3.0175,1,0.99752,1.0058
3.0307,3.0311,1,0.99741,1.0086
3.0479,3.0488,1,0.99763,1.0118
3.069,3.0705,1,0.99818,1.0154
3.0939,3.0964,1,0.99907,1.0194
3.1227,3.1264,1,1.0003,1.0239
3.1554,3.1607,1,1.0018,1.0289
3.1921,3.1994,1,1.0036,1.0344
3.2328,3.2425,1,1.0058,1.0404
3.2776,3.2901,1,1.0082,1.0469
3.3264,3.3425,1,1.011,1.054
3.3795,3.3997,1,1.0141,1.0616
3.4369,3.4617,1,1.0174,1.0699
3.4986,3.5289,1,1.0211,1.0787
3.5647,3.6013,1,1.0251,1.0882
3.6354,3.6791,1,1.0293,1.0984
3.7108,3.7625,1,1.0339,1.1093
3.791,3.8516,1,1.0388,1.1209
3.876,3.9467,1,1.0439,1.1332
3.9662,4.048,1,1.0494,1.1464
4.0615,4.1556,1,1.0552,1.1603
4.1621,4.2699,1,1.0613,1.1751
4.2683,4.3911,1,1.0678,1.1908
4.3802,4.5194,1,1.0745,1.2075
4.498,4.6552,1,1.0816,1.2251
4.6218,4.7986,1,1.089,1.2437
4.7519,4.9501,1,1.0968,1.2634
3,3,1,1,1
3.0019,3.0019,1,1.0282,0.97304
3.0077,3.0078,1,1.0576,0.94724
3.0172,3.0175,1,1.0883,0.92256
3.0306,3.0312,1,1.1203,0.89896
3.0477,3.049,1,1.1538,0.87642
3.0686,3.0709,1,1.1886,0.85489
3.0933,3.097,1,1.225,0.83434
3.1218,3.1273,1,1.2629,0.81475
3.1541,3.1621,1,1.3024,0.79608
3.1903,3.2012,1,1.3436,0.7783
3.2303,3.245,1,1.3866,0.7614
3.2743,3.2934,1,1.4313,0.74534
3.3223,3.3467,1,1.478,0.73011
3.3743,3.4049,1,1.5266,0.71568
3.4304,3.4682,1,1.5772,0.70203
3.4907,3.5368,1,1.6299,0.68914
3.5552,3.6108,1,1.6848,0.67701
3.6241,3.6905,1,1.742,0.6656
3.6974,3.7759,1,1.8016,0.65491
3.7752,3.8674,1,1.8636,0.64492
3.8577,3.9651,1,1.9283,0.63562
3.945,4.0692,1,1.9955,0.627
4.0371,4.1801,1,2.0656,0.61905
4.1342,4.298,1,2.1386,0.61176
4.2365,4.423,1,2.2146,0.60512
4.3442,4.5556,1,2.2937,0.59913
4.4573,4.6961,1,2.3761,0.59378
4.576,4.8446,1,2.4618,0.58907
4.7006,5.0017,1,2.5512,0.585
3,3,1,1,1
3.0019,3.0019,1,0.99411,1.0061
3.0078,3.0077,1,0.98842,1.0124
3.0176,3.0172,1,0.98293,1.0188
3.0314,3.0304,1,0.97764,1.0255
3.0493,3.0474,1,0.97257,1.0323
3.0714,3.0681,1,0.96771,1.0393
3.0977,3.0925,1,0.96306,1.0465
3.1284,3.1207,1,0.95865,1.0538
3.1636,3.1525,1,0.95446,1.0614
3.2033,3.1881,1,0.95052,1.0691
3.2478,3.2275,1,0.94681,1.077
3.2971,3.2706,1,0.94336,1.085
3.3514,3.3176,1,0.94017,1.0933
3.4108,3.3684,1,0.93724,1.1016
3.4755,3.4231,1,0.93459,1.1102
3.5457,3.4818,1,0.93222,1.1189
3.6215,3.5445,1,0.93015,1.1279
3.7033,3.6113,1,0.92838,1.1369
3.7911,3.6823,1,0.92692,1.1462
3.8852,3.7575,1,0.92579,1.1556
3.9858,3.8371,1,0.925,1.1652
4.0932,3.9211,1,0.92455,1.1749
4.2077,4.0096,1,0.92447,1.1849
4.3296,4.1028,1,0.92476,1.195
4.4591,4.2007,1,0.92544,1.2053
4.5965,4.3036,1,0.92653,1.2158
4.7422,4.4115,1,0.92804,1.2264
4.8966,4.5245,1,0.92998,1.2373
5.06,4.6429,1,0.93238,1.2483
3,3,1,1,1
3.0019,3.0019,1,0.98735,1.0139
3.0077,3.0077,1,0.97593,1.0291
3.0175,3.0172,1,0.96575,1.0456
3.0312,3.0306,1,0.95679,1.0634
3.0489,3.0478,1,0.94903,1.0825
3.0707,3.0688,1,0.94248,1.1031
3.0966,3.0936,1,0.93712,1.125
3.1268,3.1223,1,0.93296,1.1483
3.1613,3.1549,1,0.93,1.1732
3.2001,3.1913,1,0.92823,1.1995
3.2435,3.2318,1,0.92766,1.2274
3.2915,3.2762,1,0.92831,1.2569
3.3443,3.3247,1,0.93017,1.288
3.4019,3.3773,1,0.93327,1.3208
3.4645,3.4341,1,0.93761,1.3553
3.5322,3.4952,1,0.94321,1.3916
3.6053,3.5607,1,0.95009,1.4298
3.6839,3.6306,1,0.95827,1.4699
3.7682,3.7051,1,0.96777,1.512
3.8583,3.7843,1,0.97863,1.5561
3.9545,3.8683,1,0.99087,1.6023
4.057,3.9572,1,1.0045,1.6507
4.166,4.0512,1,1.0196,1.7014
4.2818,4.1503,1,1.0362,1.7545
4.4046,4.2549,1,1.0543,1.81
4.5347,4.365,1,1.074,1.868
4.6724,4.4808,1,1.0953,1.9286
4.8181,4.6024,1,1.1183,1.992
4.9719,4.7302,1,1.143,2.0582
3,3,1,1,1
3.0019,3.0019,1,0.96473,1.0366
3.0078,3.0076,1,0.93074,1.0746
3.0176,3.0171,1,0.89799,1.114
3.0316,3.0302,1,0.86643,1.1549
3.0497,3.047,1,0.83602,1.1973
3.072,3.0675,1,0.80671,1.2413
3.0988,3.0915,1,0.77848,1.287
3.13,3.1191,1,0.75128,1.3344
3.1659,3.1503,1,0.72508,1.3835
3.2065,3.185,1,0.69984,1.4345
3.252,3.2233,1,0.67553,1.4874
3.3025,3.2652,1,0.65211,1.5423
3.3583,3.3106,1,0.62956,1.5993
3.4195,3.3597,1,0.60784,1.6583
3.4863,3.4124,1,0.58693,1.7196
3.5588,3.4687,1,0.56679,1.7832
3.6374,3.5287,1,0.54741,1.8492
3.7222,3.5925,1,0.52875,1.9176
3.8135,3.66,1,0.5108,1.9886
3.9115,3.7313,1,0.49352,2.0623
4.0164,3.8066,1,0.4769,2.1387
4.1287,3.8858,1,0.46091,2.218
4.2486,3.969,1,0.44553,2.3002
4.3764,4.0564,1,0.43075,2.3855
4.5124,4.1479,1,0.41653,2.474
4.657,4.2437,1,0.40288,2.5658
4.8106,4.3439,1,0.38976,2.6611
4.9736,4.4485,1,0.37716,2.7599
5.1463,4.5578,1,0.36506,2.8624
3,3,1,1,1
3.0019,3.0019,1,0.97837,1.0221
3.0078,3.0076,1,0.95722,1.0447
3.0178,3.0169,1,0.93654,1.0678
3.0319,3.0299,1,0.91631,1.0915
3.0503,3.0464,1,0.89652,1.1156
3.0732,3.0663,1,0.87717,1.1403
3.1006,3.0897,1,0.85825,1.1656
3.1328,3.1164,1,0.83975,1.1914
3.1698,3.1464,1,0.82166,1.2178
3.2118,3.1796,1,0.80396,1.2448
3.2592,3.2161,1,0.78666,1.2724
3.3119,3.2558,1,0.76975,1.3006
3.3703,3.2987,1,0.75321,1.3294
3.4345,3.3447,1,0.73704,1.3589
3.5048,3.3939,1,0.72123,1.389
3.5814,3.4462,1,0.70578,1.4198
3.6647,3.5016,1,0.69067,1.4513
3.7547,3.5601,1,0.6759,1.4835
3.852,3.6217,1,0.66147,1.5165
3.9567,3.6864,1,0.64736,1.5501
4.0692,3.7543,1,0.63357,1.5845
4.1898,3.8253,1,0.6201,1.6197
4.3189,3.8994,1,0.60693,1.6556
4.457,3.9767,1,0.59407,1.6924
4.6042,4.0572,1,0.5815,1.7299
4.7613,4.141,1,0.56922,1.7683
4.9284,4.228,1,0.55723,1.8076
5.1062,4.3183,1,0.54551,1.8477
5.2952,4.4119,1,0.53407,1.8887
3,3,1,1,1
3.0019,3.0019,1,1.0268,0.97404
3.0076,3.0078,1,1.0545,0.94892
3.0171,3.0176,1,1.0832,0.92461
3.0302,3.0316,1,1.1128,0.90107
3.047,3.0497,1,1.1434,0.87829
3.0675,3.072,1,1.175,0.85623
3.0915,3.0988,1,1.2077,0.83488
3.1191,3.13,1,1.2415,0.81421
3.1503,3.1658,1,1.2764,0.79419
3.1851,3.2064,1,1.3125,0.77481
3.2234,3.2519,1,1.3498,0.75605
3.2653,3.3024,1,1.3885,0.73788
3.3108,3.3581,1,1.4284,0.72029
3.3599,3.4193,1,1.4697,0.70325
3.4127,3.486,1,1.5124,0.68675
3.469,3.5585,1,1.5565,0.67078
3.5291,3.637,1,1.6022,0.6553
3.593,3.7217,1,1.6494,0.64032
3.6606,3.8129,1,1.6983,0.62582
3.732,3.9108,1,1.7489,0.61177
3.8074,4.0156,1,1.8012,0.59816
3.8867,4.1278,1,1.8553,0.58499
3.9701,4.2475,1,1.9113,0.57224
4.0576,4.3751,1,1.9692,0.55989
4.1493,4.511,1,2.0292,0.54794
4.2453,4.6554,1,2.0912,0.53637
4.3457,4.8088,1,2.1555,0.52517
4.4505,4.9715,1,2.2219,0.51434
4.56,5.144,1,2.2907,0.50385
3,3,1,1,1
3.0019,3.0019,1,1.0155,0.98488
3.0076,3.0078,1,1.0315,0.97018
3.0171,3.0176,1,1.048,0.95588
3.0304,3.0314,1,1.0649,0.94197
3.0473,3.0494,1,1.0822,0.92844
3.0679,3.0716,1,1.1001,0.91529
3.0922,3.0981,1,1.1185,0.90249
3.1202,3.129,1,1.1374,0.89005
3.1518,3.1643,1,1.1569,0.87794
3.1871,3.2044,1,1.1769,0.86618
3.2261,3.2492,1,1.1976,0.85474
3.2688,3.2989,1,1.2188,0.84362
3.3153,3.3537,1,1.2406,0.83281
3.3655,3.4137,1,1.2631,0.82231
3.4196,3.4791,1,1.2862,0.8121
3.4775,3.55,1,1.3101,0.80219
3.5393,3.6268,1,1.3346,0.79257
3.6051,3.7095,1,1.3599,0.78324
3.6749,3.7985,1,1.386,0.77418
3.7488,3.8939,1,1.4128,0.7654
3.827,3.9959,1,1.4405,0.75689
3.9094,4.105,1,1.469,0.74864
3.9962,4.2213,1,1.4984,0.74066
4.0874,4.3451,1,1.5287,0.73295
4.1832,4.4767,1,1.5599,0.72549
4.2837,4.6165,1,1.5921,0.71829
4.3891,4.7649,1,1.6253,0.71134
4.4993,4.9221,1,1.6596,0.70465
4.6147,5.0886,1,1.6949,0.69822
3,3,1,1,1
3.0019,3.0019,1,0.99148,1.0088
3.0078,3.0077,1,0.98329,1.018
3.0176,3.0172,1,0.97543,1.0275
3.0314,3.0304,1,0.9679,1.0374
3.0493,3.0474,1,0.96069,1.0476
3.0713,3.0682,1,0.9538,1.0582
3.0976,3.0926,1,0.94725,1.0691
3.1283,3.1208,1,0.94102,1.0803
3.1634,3.1528,1,0.93511,1.092
3.2031,3.1884,1,0.92954,1.104
3.2474,3.2279,1,0.9243,1.1163
3.2966,3.2711,1,0.9194,1.1291
3.3507,3.3182,1,0.91484,1.1423
3.41,3.3692,1,0.91063,1.1558
3.4745,3.4241,1,0.90676,1.1698
3.5445,3.483,1,0.90325,1.1842
3.6201,3.546,1,0.9001,1.1991
3.7015,3.6131,1,0.89732,1.2144
3.789,3.6844,1,0.89492,1.2301
3.8827,3.7599,1,0.8929,1.2464
3.983,3.8399,1,0.89128,1.2631
4.09,3.9243,1,0.89006,1.2803
4.204,4.0134,1,0.88925,1.298
4.3253,4.1071,1,0.88887,1.3162
4.4541,4.2056,1,0.88893,1.335
4.5909,4.3091,1,0.88943,1.3544
4.7359,4.4177,1,0.8904,1.3744
4.8895,4.5316,1,0.89185,1.3949
5.052,4.6508,1,0.89379,1.4161
3,3,1,1,1
3.0019,3.0019,1,0.96404,1.0375
3.0077,3.0077,1,0.92959,1.0767
3.0174,3.0173,1,0.89658,1.1175
3.0311,3.0307,1,0.86496,1.1602
3.0488,3.0479,1,0.83466,1.2046
3.0705,3.069,1,0.80564,1.251
3.0963,3.094,1,0.77785,1.2994
3.1262,3.1229,1,0.75124,1.3499
3.1605,3.1557,1,0.72575,1.4026
3.199,3.1924,1,0.70136,1.4575
3.2421,3.2332,1,0.67801,1.5148
3.2896,3.2781,1,0.65566,1.5746
3.3418,3.3271,1,0.63428,1.637
3.3988,3.3804,1,0.61383,1.702
3.4607,3.4379,1,0.59428,1.7699
3.5276,3.4999,1,0.57558,1.8406
3.5997,3.5663,1,0.55771,1.9144
3.6772,3.6373,1,0.54064,1.9914
3.7602,3.713,1,0.52433,2.0717
3.849,3.7936,1,0.50876,2.1554
3.9436,3.8791,1,0.49391,2.2427
4.0444,3.9697,1,0.47974,2.3338
4.1515,4.0656,1,0.46624,2.4288
4.2652,4.1668,1,0.45338,2.5278
4.3858,4.2736,1,0.44114,2.6312
4.5134,4.3862,1,0.42949,2.7389
4.6483,4.5048,1,0.41842,2.8513
4.7909,4.6294,1,0.40792,2.9685
4.9415,4.7605,1,0.39795,3.0908
3,3,1,1,1
3.0019,3.0019,1,0.95171,1.0508
3.0076,3.0078,1,0.90578,1.1042
3.017,3.0177,1,0.86209,1.1603
3.03,3.0318,1,0.82054,1.2193
3.0466,3.0501,1,0.78102,1.2813
3.0667,3.0728,1,0.74344,1.3465
3.0903,3.1,1,0.7077,1.4151
3.1173,3.1318,1,0.6737,1.4871
3.1477,3.1685,1,0.64138,1.5629
3.1814,3.2101,1,0.61064,1.6426
3.2185,3.2568,1,0.5814,1.7263
3.259,3.3088,1,0.55361,1.8143
3.3027,3.3663,1,0.52717,1.9069
3.3497,3.4295,1,0.50204,2.0042
3.4001,3.4986,1,0.47815,2.1064
3.4537,3.5739,1,0.45543,2.2139
3.5106,3.6555,1,0.43383,2.327
3.5709,3.7439,1,0.41329,2.4458
3.6345,3.8391,1,0.39377,2.5707
3.7014,3.9416,1,0.37522,2.7019
3.7717,4.0516,1,0.35758,2.84
3.8455,4.1694,1,0.34082,2.985
3.9226,4.2954,1,0.32489,3.1375
4.0033,4.43,1,0.30975,3.2979
4.0875,4.5735,1,0.29537,3.4664
4.1753,4.7264,1,0.2817,3.6435
4.2667,4.889,1,0.26872,3.8298
4.3617,5.0619,1,0.25639,4.0255
4.4606,5.2454,1,0.24467,4.2313
3,3,1,1,1
3.0019,3.0019,1,0.96639,1.0348
3.0078,3.0076,1,0.93395,1.0709
3.0177,3.0171,1,0.90264,1.1083
3.0316,3.0302,1,0.87243,1.1471
3.0497,3.047,1,0.84327,1.1872
3.0722,3.0673,1,0.81513,1.2288
3.099,3.0913,1,0.78797,1.272
3.1303,3.1188,1,0.76176,1.3166
3.1663,3.1498,1,0.73646,1.363
3.2071,3.1844,1,0.71204,1.4109
3.2528,3.2225,1,0.68848,1.4607
3.3036,3.2642,1,0.66573,1.5122
3.3596,3.3093,1,0.64378,1.5656
3.4212,3.358,1,0.6226,1.621
3.4883,3.4103,1,0.60215,1.6783
3.5613,3.4662,1,0.58241,1.7378
3.6404,3.5257,1,0.56336,1.7994
3.7258,3.5889,1,0.54498,1.8633
3.8177,3.6557,1,0.52723,1.9294
3.9165,3.7264,1,0.5101,1.998
4.0223,3.8008,1,0.49358,2.0691
4.1355,3.8791,1,0.47762,2.1428
4.2564,3.9613,1,0.46223,2.2191
4.3853,4.0475,1,0.44737,2.2983
4.5225,4.1378,1,0.43302,2.3803
4.6685,4.2323,1,0.41918,2.4653
4.8236,4.331,1,0.40583,2.5534
4.9882,4.4341,1,0.39294,2.6447
5.1628,4.5416,1,0.3805,2.7394
3,3,1,1,1
3.0019,3.0019,1,1.0102,0.98997
3.0076,3.0078,1,1.0205,0.9801
3.0171,3.0176,1,1.0311,0.97039
3.0303,3.0315,1,1.0417,0.96085
3.0471,3.0496,1,1.0526,0.95147
3.0677,3.0718,1,1.0636,0.94224
3.0918,3.0985,1,1.0748,0.93318
3.1196,3.1295,1,1.0861,0.92429
3.151,3.1652,1,1.0976,0.91555
3.186,3.2055,1,1.1093,0.90699
3.2246,3.2507,1,1.1211,0.89858
3.2668,3.3009,1,1.1331,0.89035
3.3127,3.3562,1,1.1453,0.88228
3.3623,3.4169,1,1.1576,0.87439
3.4156,3.483,1,1.1702,0.86666
3.4726,3.5549,1,1.1829,0.85911
3.5335,3.6326,1,1.1958,0.85173
3.5981,3.7165,1,1.2088,0.84454
3.6667,3.8067,1,1.2221,0.83752
3.7392,3.9035,1,1.2355,0.83068
3.8158,4.0072,1,1.2491,0.82403
3.8964,4.118,1,1.2629,0.81757
3.9813,4.2363,1,1.2769,0.81131
4.0704,4.3623,1,1.2911,0.80524
4.1638,4.4963,1,1.3055,0.79936
4.2617,4.6388,1,1.3201,0.7937
4.3642,4.79,1,1.3349,0.78824
4.4714,4.9504,1,1.3499,0.78299
4.5834,5.1203,1,1.3651,0.77797
3,3,1,1,1
3.0019,3.0019,1,1.0399,0.96169
3.0077,3.0078,1,1.0815,0.92489
3.0172,3.0175,1,1.1247,0.88957
3.0306,3.0312,1,1.1698,0.85564
3.0477,3.049,1,1.2167,0.82307
3.0686,3.0709,1,1.2656,0.79179
3.0933,3.097,1,1.3165,0.76175
3.1218,3.1273,1,1.3696,0.7329
3.1542,3.162,1,1.4248,0.7052
3.1904,3.2011,1,1.4823,0.6786
3.2305,3.2448,1,1.5422,0.65305
3.2745,3.2932,1,1.6046,0.62852
3.3225,3.3464,1,1.6696,0.60496
3.3746,3.4045,1,1.7373,0.58233
3.4308,3.4678,1,1.8077,0.5606
3.4912,3.5363,1,1.8812,0.53974
3.5558,3.6102,1,1.9576,0.51969
3.6248,3.6897,1,2.0373,0.50045
3.6983,3.775,1,2.1202,0.48196
3.7762,3.8664,1,2.2066,0.4642
3.8589,3.9639,1,2.2966,0.44715
3.9463,4.0679,1,2.3903,0.43077
4.0387,4.1785,1,2.4879,0.41504
4.136,4.2962,1,2.5896,0.39993
4.2386,4.421,1,2.6955,0.38541
4.3465,4.5533,1,2.8058,0.37147
4.4599,4.6934,1,2.9207,0.35808
4.579,4.8417,1,3.0404,0.34521
4.7039,4.9984,1,3.165,0.33286
3,3,1,1,1
3.0019,3.0019,1,1.0466,0.95562
3.0078,3.0077,1,1.0955,0.91337
3.0176,3.0172,1,1.1469,0.87314
3.0314,3.0304,1,1.2008,0.83485
3.0493,3.0474,1,1.2574,0.79841
3.0714,3.0681,1,1.3168,0.76374
3.0977,3.0926,1,1.3791,0.73076
3.1284,3.1207,1,1.4445,0.69939
3.1635,3.1526,1,1.5132,0.66956
3.2033,3.1882,1,1.5852,0.64122
3.2477,3.2276,1,1.6607,0.61428
3.297,3.2708,1,1.74,0.5887
3.3512,3.3177,1,1.8231,0.56441
3.4106,3.3686,1,1.9103,0.54135
3.4752,3.4234,1,2.0018,0.51948
3.5454,3.4821,1,2.0977,0.49875
3.6211,3.5449,1,2.1984,0.4791
3.7028,3.6118,1,2.3039,0.4605
3.7905,3.6828,1,2.4146,0.44289
3.8845,3.7582,1,2.5308,0.42624
3.985,3.8378,1,2.6525,0.41052
4.0924,3.9219,1,2.7802,0.39567
4.2067,4.0106,1,2.9141,0.38168
4.3284,4.1039,1,3.0546,0.3685
4.4578,4.202,1,3.2018,0.35611
4.595,4.3051,1,3.3563,0.34448
4.7406,4.4131,1,3.5182,0.33357
4.8947,4.5264,1,3.688,0.32336
5.0579,4.645,1,3.8661,0.31384
3,3,1,1,1
3.0019,3.0019,1,1.0192,0.98139
3.0076,3.0078,1,1.0389,0.96335
3.0169,3.0178,1,1.0593,0.94587
3.0299,3.0319,1,1.0802,0.92895
3.0464,3.0503,1,1.1017,0.91259
3.0663,3.0732,1,1.1238,0.89679
3.0897,3.1006,1,1.1466,0.88153
3.1164,3.1327,1,1.1699,0.86683
3.1464,3.1698,1,1.1939,0.85267
3.1797,3.2118,1,1.2185,0.83907
3.2162,3.2591,1,1.2437,0.82602
3.2559,3.3119,1,1.2696,0.81352
3.2988,3.3702,1,1.2962,0.80158
3.3448,3.4344,1,1.3234,0.79019
3.394,3.5047,1,1.3514,0.77937
3.4462,3.5814,1,1.38,0.7691
3.5016,3.6646,1,1.4093,0.75941
3.5602,3.7546,1,1.4393,0.75029
3.6218,3.8519,1,1.4701,0.74175
3.6865,3.9566,1,1.5016,0.7338
3.7544,4.069,1,1.5339,0.72645
3.8254,4.1896,1,1.567,0.7197
3.8996,4.3187,1,1.6008,0.71356
3.977,4.4567,1,1.6355,0.70805
4.0575,4.604,1,1.6709,0.70318
4.1413,4.7609,1,1.7072,0.69896
4.2284,4.9281,1,1.7444,0.69541
4.3187,5.1058,1,1.7824,0.69253
4.4124,5.2947,1,1.8213,0.69035
3,3,1,1,1
3.0019,3.0019,1,0.98497,1.0154
3.0078,3.0076,1,0.97025,1.031
3.0176,3.0171,1,0.95584,1.0471
3.0315,3.0303,1,0.94172,1.0635
3.0496,3.0471,1,0.92789,1.0802
3.0719,3.0676,1,0.91435,1.0973
3.0986,3.0917,1,0.90107,1.1148
3.1297,3.1194,1,0.88806,1.1327
3.1654,3.1507,1,0.87531,1.151
3.2059,3.1856,1,0.8628,1.1698
3.2512,3.2241,1,0.85055,1.1889
3.3015,3.2662,1,0.83853,1.2086
3.357,3.312,1,0.82674,1.2286
3.4178,3.3614,1,0.81517,1.2492
3.4842,3.4145,1,0.80383,1.2702
3.5563,3.4713,1,0.79269,1.2918
3.6343,3.5318,1,0.78177,1.3139
3.7185,3.5961,1,0.77105,1.3365
3.8091,3.6643,1,0.76052,1.3597
3.9063,3.7365,1,0.75019,1.3834
4.0105,3.8125,1,0.74004,1.4077
4.1218,3.8927,1,0.73008,1.4327
4.2406,3.9769,1,0.72029,1.4583
4.3672,4.0654,1,0.71068,1.4845
4.502,4.1582,1,0.70124,1.5114
4.6452,4.2554,1,0.69196,1.539
4.7972,4.3571,1,0.68285,1.5673
4.9585,4.4634,1,0.67389,1.5964
5.1295,4.5744,1,0.66508,1.6262
3,3,1,1,1
3.0019,3.0019,1,0.97103,1.0299
3.0078,3.0076,1,0.94293,1.0607
3.0178,3.017,1,0.91567,1.0924
3.0318,3.03,1,0.88923,1.1251
3.0502,3.0465,1,0.86358,1.1589
3.0729,3.0666,1,0.83871,1.1937
3.1002,3.0901,1,0.81457,1.2295
3.1321,3.117,1,0.79116,1.2665
3.1688,3.1474,1,0.76846,1.3047
3.2105,3.181,1,0.74643,1.344
3.2573,3.218,1,0.72506,1.3845
3.3095,3.2582,1,0.70433,1.4263
3.3672,3.3017,1,0.68423,1.4694
3.4307,3.3485,1,0.66472,1.5138
3.5001,3.3986,1,0.6458,1.5597
3.5757,3.4519,1,0.62745,1.6069
3.6578,3.5084,1,0.60964,1.6556
3.7465,3.5682,1,0.59238,1.7059
3.8423,3.6313,1,0.57562,1.7577
3.9453,3.6977,1,0.55937,1.8111
4.0559,3.7675,1,0.54361,1.8662
4.1744,3.8405,1,0.52832,1.923
4.3012,3.917,1,0.5135,1.9816
4.4366,3.9968,1,0.49911,2.042
4.581,4.0801,1,0.48516,2.1043
4.7349,4.1669,1,0.47163,2.1685
4.8986,4.2572,1,0.45851,2.2348
5.0727,4.3511,1,0.44579,2.3031
5.2575,4.4487,1,0.43345,2.3736
3,3,1,1,1
3.0019,3.0019,1,0.98908,1.011
3.0078,3.0076,1,0.97829,1.0222
3.0176,3.0171,1,0.96763,1.0335
3.0315,3.0303,1,0.95709,1.045
3.0496,3.0471,1,0.94667,1.0566
3.0719,3.0676,1,0.93637,1.0683
3.0985,3.0918,1,0.92619,1.0801
3.1296,3.1195,1,0.91612,1.0921
3.1652,3.1509,1,0.90617,1.1043
3.2056,3.1859,1,0.89634,1.1166
3.2508,3.2245,1,0.88662,1.129
3.301,3.2667,1,0.87701,1.1416
3.3564,3.3126,1,0.86751,1.1543
3.417,3.3622,1,0.85812,1.1672
3.4832,3.4154,1,0.84883,1.1803
3.5551,3.4724,1,0.83965,1.1935
3.6329,3.5332,1,0.83057,1.2068
3.7168,3.5978,1,0.8216,1.2204
3.8071,3.6663,1,0.81273,1.2341
3.904,3.7387,1,0.80396,1.248
4.0078,3.8152,1,0.79529,1.262
4.1187,3.8958,1,0.78672,1.2762
4.237,3.9805,1,0.77824,1.2906
4.3631,4.0695,1,0.76986,1.3052
4.4973,4.1628,1,0.76157,1.32
4.6399,4.2606,1,0.75338,1.3349
4.7913,4.363,1,0.74528,1.3501
4.9518,4.47,1,0.73727,1.3654
5.1219,4.5818,1,0.72935,1.3809
3,3,1,1,1
3.0019,3.0019,1,1.0279,0.97286
3.0076,3.0078,1,1.0566,0.94648
3.0169,3.0178,1,1.0862,0.92083
3.0299,3.0319,1,1.1166,0.8959
3.0464,3.0503,1,1.1478,0.87166
3.0664,3.0731,1,1.18,0.8481
3.0898,3.1005,1,1.2131,0.82519
3.1166,3.1325,1,1.2471,0.80292
3.1467,3.1694,1,1.2821,0.78127
3.1801,3.2114,1,1.3182,0.76022
3.2168,3.2585,1,1.3552,0.73976
3.2567,3.3111,1,1.3933,0.71987
3.2998,3.3692,1,1.4326,0.70053
3.3461,3.4332,1,1.4729,0.68173
3.3955,3.5032,1,1.5144,0.66345
3.4482,3.5794,1,1.5572,0.64568
3.504,3.6623,1,1.6011,0.6284
3.5629,3.7519,1,1.6463,0.61161
3.625,3.8486,1,1.6929,0.59528
3.6904,3.9527,1,1.7407,0.5794
3.7589,4.0645,1,1.79,0.56397
3.8306,4.1844,1,1.8407,0.54897
3.9055,4.3127,1,1.8928,0.53439
3.9837,4.4499,1,1.9464,0.52021
4.0652,4.5961,1,2.0016,0.50643
4.15,4.7521,1,2.0585,0.49303
4.2382,4.918,1,2.1169,0.48001
4.3297,5.0945,1,2.177,0.46735
4.4247,5.282,1,2.2389,0.45505
3,3,1,1,1
3.0019,3.0019,1,1.0482,0.95413
3.0078,3.0076,1,1.099,0.91052
3.0177,3.017,1,1.1523,0.86906
3.0317,3.0301,1,1.2084,0.82965
3.0499,3.0468,1,1.2674,0.79218
3.0725,3.067,1,1.3294,0.75658
3.0995,3.0908,1,1.3945,0.72275
3.131,3.1181,1,1.463,0.6906
3.1673,3.1488,1,1.5351,0.66006
3.2085,3.183,1,1.6108,0.63105
3.2546,3.2206,1,1.6903,0.6035
3.306,3.2617,1,1.774,0.57734
3.3628,3.3062,1,1.8619,0.55251
3.4251,3.3541,1,1.9543,0.52894
3.4932,3.4055,1,2.0513,0.50657
3.5672,3.4603,1,2.1534,0.48535
3.6475,3.5186,1,2.2606,0.46523
3.7343,3.5804,1,2.3733,0.44615
3.8278,3.6457,1,2.4917,0.42807
3.9283,3.7146,1,2.6161,0.41093
4.0361,3.7871,1,2.7469,0.39471
4.1515,3.8633,1,2.8843,0.37935
4.2748,3.9431,1,3.0287,0.36481
4.4063,4.0267,1,3.1804,0.35107
4.5466,4.1141,1,3.3398,0.33808
4.6958,4.2054,1,3.5073,0.3258
4.8544,4.3007,1,3.6833,0.31422
5.0229,4.4,1,3.8683,0.30329
5.2017,4.5034,1,4.0626,0.293
3,3,1,1,1
3.0019,3.0019,1,1.0258,0.97492
3.0076,3.0078,1,1.0522,0.95049
3.0169,3.0178,1,1.0794,0.92671
3.0299,3.0319,1,1.1073,0.90355
3.0464,3.0503,1,1.1359,0.88101
3.0663,3.0732,1,1.1653,0.85906
3.0896,3.1006,1,1.1955,0.83769
3.1163,3.1328,1,1.2265,0.81688
3.1463,3.1698,1,1.2583,0.79663
3.1796,3.2119,1,1.291,0.77692
3.216,3.2592,1,1.3245,0.75773
3.2557,3.312,1,1.359,0.73906
3.2986,3.3704,1,1.3943,0.72089
3.3445,3.4347,1,1.4306,0.70321
3.3937,3.505,1,1.4679,0.68601
3.4459,3.5817,1,1.5062,0.66928
3.5012,3.665,1,1.5455,0.653
3.5596,3.7552,1,1.5858,0.63717
3.6212,3.8525,1,1.6272,0.62178
3.6858,3.9573,1,1.6698,0.60681
3.7536,4.0699,1,1.7134,0.59226
3.8245,4.1906,1,1.7582,0.57812
3.8985,4.3199,1,1.8043,0.56438
3.9757,4.458,1,1.8515,0.55103
4.0561,4.6054,1,1.9,0.53807
4.1397,4.7626,1,1.9498,0.52548
4.2265,4.9299,1,2.0009,0.51327
4.3166,5.1079,1,2.0534,0.50141
4.4101,5.2971,1,2.1073,0.48991
3,3,1,1,1
3.0019,3.0019,1,0.97175,1.0291
3.0078,3.0076,1,0.94433,1.0591
3.0178,3.017,1,0.91772,1.09
3.0319,3.0299,1,0.89189,1.1218
3.0502,3.0465,1,0.86681,1.1546
3.073,3.0665,1,0.84247,1.1883
3.1003,3.09,1,0.81885,1.2231
3.1323,3.1169,1,0.79592,1.259
3.1691,3.1471,1,0.77366,1.2959
3.2109,3.1806,1,0.75206,1.334
3.2578,3.2175,1,0.73109,1.3732
3.3102,3.2576,1,0.71073,1.4136
3.3681,3.3009,1,0.69098,1.4552
3.4317,3.3475,1,0.67181,1.4981
3.5014,3.3973,1,0.6532,1.5422
3.5773,3.4503,1,0.63515,1.5878
3.6597,3.5065,1,0.61762,1.6347
3.7488,3.566,1,0.60062,1.683
3.8449,3.6287,1,0.58411,1.7328
3.9484,3.6946,1,0.5681,1.7841
4.0595,3.7638,1,0.55256,1.8369
4.1786,3.8363,1,0.53749,1.8914
4.3061,3.9121,1,0.52286,1.9475
4.4422,3.9913,1,0.50868,2.0053
4.5874,4.0738,1,0.49491,2.0649
4.7421,4.1598,1,0.48157,2.1263
4.9068,4.2492,1,0.46862,2.1896
5.0819,4.3421,1,0.45607,2.2548
5.2679,4.4386,1,0.44389,2.322
3,3,1,1,1
3.0019,3.0019,1,1.0043,0.99575
3.0077,3.0077,1,1.0087,0.99158
3.0172,3.0175,1,1.0132,0.98748
3.0306,3.0312,1,1.0177,0.98347
3.0478,3.0489,1,1.0223,0.97952
3.0687,3.0708,1,1.027,0.97566
3.0935,3.0968,1,1.0317,0.97188
3.1221,3.127,1,1.0365,0.96819
3.1546,3.1616,1,1.0414,0.96458
3.1909,3.2006,1,1.0463,0.96106
3.2312,3.2441,1,1.0513,0.95763
3.2755,3.2922,1,1.0564,0.95429
3.3238,3.3452,1,1.0615,0.95105
3.3762,3.403,1,1.0667,0.94791
3.4327,3.4659,1,1.0719,0.94487
3.4935,3.534,1,1.0773,0.94194
3.5586,3.6074,1,1.0826,0.93911
3.6282,3.6864,1,1.0881,0.93639
3.7022,3.7711,1,1.0936,0.93379
3.7809,3.8617,1,1.0992,0.93131
3.8643,3.9585,1,1.1048,0.92895
3.9526,4.0616,1,1.1105,0.92672
4.0459,4.1713,1,1.1163,0.92462
4.1443,4.2879,1,1.1222,0.92265
4.248,4.4115,1,1.1281,0.92083
4.3571,4.5426,1,1.134,0.91915
4.4719,4.6813,1,1.1401,0.91763
4.5925,4.8281,1,1.1462,0.91626
4.7191,4.9831,1,1.1524,0.91506
3,3,1,1,1
3.0019,3.0019,1,1.0048,0.99663
3.0078,3.0076,1,1.0112,0.9947
3.0176,3.0171,1,1.0191,0.99419
3.0316,3.0302,1,1.0285,0.99507
3.0496,3.0471,1,1.0396,0.99734
3.072,3.0675,1,1.0523,1.001
3.0987,3.0916,1,1.0666,1.0059
3.1299,3.1192,1,1.0828,1.0123
3.1656,3.1505,1,1.1007,1.0199
3.2062,3.1853,1,1.1205,1.0289
3.2516,3.2237,1,1.1422,1.0392
3.302,3.2657,1,1.1659,1.0508
3.3576,3.3113,1,1.1917,1.0637
3.4186,3.3606,1,1.2195,1.0779
3.4852,3.4134,1,1.2496,1.0935
3.5575,3.47,1,1.282,1.1104
3.6358,3.5303,1,1.3167,1.1287
3.7203,3.5943,1,1.3539,1.1483
3.8112,3.6622,1,1.3937,1.1693
3.9088,3.7339,1,1.4361,1.1916
4.0134,3.8096,1,1.4814,1.2154
4.1252,3.8893,1,1.5295,1.2406
4.2445,3.9731,1,1.5806,1.2673
4.3717,4.061,1,1.6349,1.2954
4.5071,4.1531,1,1.6925,1.3251
4.651,4.2496,1,1.7536,1.3562
4.8038,4.3506,1,1.8182,1.389
4.9659,4.4561,1,1.8865,1.4233
5.1377,4.5662,1,1.9588,1.4593
3,3,1,1,1
3.0019,3.0019,1,0.98268,1.0184
3.0077,3.0077,1,0.96641,1.0379
3.0175,3.0172,1,0.95117,1.0585
3.0312,3.0306,1,0.93692,1.0802
3.0489,3.0478,1,0.92366,1.1032
3.0707,3.0688,1,0.91137,1.1274
3.0967,3.0936,1,0.90003,1.1528
3.1269,3.1222,1,0.88962,1.1795
3.1614,3.1547,1,0.88015,1.2076
3.2003,3.1912,1,0.87158,1.2371
3.2438,3.2315,1,0.86393,1.2679
3.2918,3.2759,1,0.85717,1.3003
3.3446,3.3243,1,0.85131,1.3342
3.4023,3.3768,1,0.84634,1.3696
3.4651,3.4335,1,0.84226,1.4067
3.533,3.4945,1,0.83907,1.4455
3.6062,3.5598,1,0.83677,1.4861
3.6849,3.6296,1,0.83536,1.5285
3.7694,3.7039,1,0.83485,1.5727
3.8597,3.7829,1,0.83525,1.6189
3.9562,3.8666,1,0.83656,1.6672
4.0589,3.9552,1,0.83879,1.7176
4.1682,4.0489,1,0.84196,1.7701
4.2843,4.1478,1,0.84608,1.825
4.4075,4.252,1,0.85116,1.8822
4.538,4.3617,1,0.85722,1.9419
4.6762,4.477,1,0.86428,2.0041
4.8223,4.5982,1,0.87237,2.069
4.9767,4.7255,1,0.8815,2.1367
3,3,1,1,1
3.0019,3.0019,1,0.97126,1.0304
3.0076,3.0078,1,0.94414,1.0627
3.0171,3.0176,1,0.91859,1.0967
3.0304,3.0314,1,0.89453,1.1327
3.0473,3.0494,1,0.8719,1.1708
3.068,3.0715,1,0.85064,1.2109
3.0923,3.098,1,0.83071,1.2533
3.1203,3.1288,1,0.81204,1.2979
3.152,3.1642,1,0.79459,1.345
3.1873,3.2041,1,0.77831,1.3947
3.2264,3.2489,1,0.76316,1.447
3.2692,3.2985,1,0.74909,1.502
3.3158,3.3531,1,0.73606,1.56
3.3662,3.413,1,0.72404,1.621
3.4204,3.4782,1,0.713,1.6852
3.4785,3.549,1,0.70289,1.7528
3.5405,3.6256,1,0.69369,1.8238
3.6065,3.7081,1,0.68537,1.8986
3.6766,3.7968,1,0.6779,1.9771
3.7508,3.8919,1,0.67126,2.0597
3.8293,3.9936,1,0.66542,2.1465
3.9121,4.1023,1,0.66036,2.2377
3.9992,4.2182,1,0.65605,2.3336
4.0909,4.3415,1,0.65248,2.4343
4.1873,4.4727,1,0.64964,2.54
4.2883,4.6119,1,0.6475,2.6512
4.3942,4.7597,1,0.64605,2.7679
4.5051,4.9162,1,0.64528,2.8904
4.6212,5.082,1,0.64517,3.0191
3,3,1,1,1
3.0019,3.0019,1,1.0117,0.9889
3.0076,3.0078,1,1.024,0.97841
3.017,3.0178,1,1.0369,0.96855
3.0299,3.0319,1,1.0504,0.95932
3.0465,3.0502,1,1.0645,0.95074
3.0665,3.073,1,1.0792,0.94282
3.09,3.1003,1,1.0944,0.93556
3.1169,3.1322,1,1.1102,0.929
3.1471,3.1691,1,1.1266,0.92313
3.1806,3.2109,1,1.1435,0.91798
3.2175,3.2578,1,1.161,0.91356
3.2576,3.3102,1,1.1791,0.9099
3.3009,3.368,1,1.1978,0.90701
3.3475,3.4317,1,1.217,0.90491
3.3973,3.5014,1,1.2368,0.90363
3.4503,3.5772,1,1.2571,0.90319
3.5066,3.6596,1,1.278,0.90361
3.5661,3.7487,1,1.2995,0.90494
3.6288,3.8448,1,1.3216,0.90718
3.6947,3.9483,1,1.3443,0.91038
3.764,4.0594,1,1.3675,0.91458
3.8365,4.1785,1,1.3913,0.91979
3.9123,4.3059,1,1.4158,0.92607
3.9915,4.442,1,1.4408,0.93345
4.074,4.5872,1,1.4664,0.94197
4.16,4.7419,1,1.4927,0.95167
4.2494,4.9066,1,1.5195,0.96262
4.3424,5.0816,1,1.547,0.97484
4.4389,5.2675,1,1.5751,0.9884
3,3,1,1,1
3.0019,3.0019,1,1.0183,0.98285
3.0076,3.0078,1,1.0379,0.96687
3.0171,3.0176,1,1.0586,0.95206
3.0302,3.0316,1,1.0806,0.9384
3.047,3.0497,1,1.1038,0.92588
3.0675,3.072,1,1.1283,0.91451
3.0915,3.0988,1,1.1542,0.90428
3.1191,3.13,1,1.1813,0.89519
3.1503,3.1658,1,1.2098,0.88724
3.1851,3.2064,1,1.2396,0.88044
3.2234,3.2519,1,1.2709,0.87478
3.2653,3.3024,1,1.3037,0.87028
3.3108,3.3581,1,1.3379,0.86695
3.3599,3.4193,1,1.3736,0.8648
3.4127,3.486,1,1.4109,0.86384
3.469,3.5585,1,1.4498,0.86409
3.5291,3.637,1,1.4904,0.86556
3.593,3.7217,1,1.5326,0.86829
3.6606,3.8129,1,1.5766,0.87228
3.732,3.9108,1,1.6224,0.87758
3.8074,4.0156,1,1.6701,0.8842
3.8867,4.1278,1,1.7197,0.89218
3.9701,4.2475,1,1.7712,0.90155
4.0576,4.3751,1,1.8248,0.91234
4.1493,4.511,1,1.8805,0.92461
4.2453,4.6554,1,1.9383,0.93839
4.3457,4.8088,1,1.9984,0.95372
4.4505,4.9715,1,2.0608,0.97067
4.56,5.144,1,2.1256,0.98927
3,3,1,1,1
3.0019,3.0019,1,1.006,0.99479
3.0078,3.0076,1,1.013,0.9904
3.0176,3.0171,1,1.0208,0.98678
3.0315,3.0303,1,1.0295,0.98392
3.0496,3.0471,1,1.0393,0.9818
3.0719,3.0676,1,1.05,0.98038
3.0985,3.0918,1,1.0618,0.97965
3.1296,3.1195,1,1.0748,0.97958
3.1653,3.1508,1,1.0888,0.98016
3.2057,3.1858,1,1.1041,0.98137
3.2509,3.2244,1,1.1205,0.98319
3.3011,3.2666,1,1.1383,0.9856
3.3565,3.3124,1,1.1575,0.9886
3.4173,3.3619,1,1.178,0.99216
3.4835,3.4151,1,1.2001,0.99628
3.5555,3.472,1,1.2236,1.0009
3.6333,3.5327,1,1.2488,1.0061
3.7174,3.5973,1,1.2757,1.0119
3.8077,3.6657,1,1.3043,1.0181
3.9047,3.738,1,1.3348,1.0248
4.0086,3.8144,1,1.3672,1.0321
4.1197,3.8948,1,1.4016,1.0398
4.2382,3.9794,1,1.4381,1.048
4.3644,4.0682,1,1.4769,1.0567
4.4988,4.1614,1,1.5179,1.0659
4.6416,4.259,1,1.5613,1.0756
4.7932,4.3611,1,1.6073,1.0857
4.9539,4.4679,1,1.6559,1.0963
5.1243,4.5794,1,1.7073,1.1074
3,3,1,1,1
3.0019,3.0019,1,0.97142,1.0304
3.0077,3.0077,1,0.94457,1.0626
3.0174,3.0173,1,0.91942,1.0967
3.031,3.0308,1,0.89591,1.1328
3.0486,3.0481,1,0.87401,1.1709
3.0701,3.0694,1,0.85367,1.2112
3.0958,3.0945,1,0.83486,1.2536
3.1255,3.1236,1,0.81755,1.2982
3.1594,3.1567,1,0.80171,1.3452
3.1976,3.1939,1,0.7873,1.3946
3.2401,3.2352,1,0.7743,1.4465
3.2871,3.2806,1,0.7627,1.501
3.3386,3.3304,1,0.75247,1.5582
3.3947,3.3844,1,0.74359,1.6183
3.4556,3.4429,1,0.73606,1.6812
3.5215,3.506,1,0.72985,1.7472
3.5923,3.5737,1,0.72496,1.8163
3.6684,3.6461,1,0.72138,1.8887
3.7498,3.7234,1,0.71911,1.9645
3.8368,3.8058,1,0.71815,2.0439
3.9294,3.8933,1,0.7185,2.127
4.0279,3.9862,1,0.72015,2.2139
4.1326,4.0845,1,0.72312,2.3048
4.2435,4.1885,1,0.72742,2.3999
4.361,4.2983,1,0.73305,2.4994
4.4853,4.4142,1,0.74003,2.6034
4.6166,4.5364,1,0.74838,2.7121
4.7553,4.665,1,0.75811,2.8258
4.9015,4.8003,1,0.76924,2.9445
3,3,1,1,1
3.0019,3.0019,1,0.97353,1.0281
3.0076,3.0078,1,0.94859,1.0579
3.0171,3.0176,1,0.92514,1.0894
3.0304,3.0314,1,0.9031,1.1227
3.0473,3.0494,1,0.88242,1.158
3.0679,3.0716,1,0.86304,1.1953
3.0922,3.0981,1,0.84492,1.2347
3.1201,3.129,1,0.82799,1.2763
3.1518,3.1644,1,0.81222,1.3201
3.1871,3.2044,1,0.79756,1.3664
3.226,3.2492,1,0.78397,1.4152
3.2687,3.299,1,0.77141,1.4666
3.3152,3.3538,1,0.75984,1.5208
3.3654,3.4138,1,0.74922,1.5779
3.4194,3.4792,1,0.73952,1.638
3.4773,3.5502,1,0.73072,1.7012
3.539,3.627,1,0.72278,1.7678
3.6048,3.7098,1,0.71567,1.8379
3.6746,3.7988,1,0.70937,1.9116
3.7484,3.8943,1,0.70385,1.9891
3.8265,3.9964,1,0.69909,2.0706
3.9088,4.1055,1,0.69507,2.1563
3.9955,4.2219,1,0.69178,2.2464
4.0867,4.3458,1,0.68918,2.3411
4.1824,4.4776,1,0.68727,2.4406
4.2828,4.6175,1,0.68602,2.5451
4.388,4.7659,1,0.68543,2.655
4.4981,4.9233,1,0.68549,2.7704
4.6134,5.0899,1,0.68617,2.8917
3,3,1,1,1
3.0019,3.0019,1,0.99371,1.0075
3.0076,3.0078,1,0.98853,1.0161
3.017,3.0178,1,0.98444,1.026
3.03,3.0318,1,0.98139,1.0372
3.0465,3.0502,1,0.97934,1.0498
3.0665,3.0729,1,0.97827,1.0638
3.09,3.1002,1,0.97815,1.0792
3.1169,3.1322,1,0.97894,1.0961
3.1472,3.1689,1,0.98061,1.1147
3.1808,3.2107,1,0.98315,1.1349
3.2177,3.2576,1,0.98653,1.1568
3.2578,3.3099,1,0.99072,1.1806
3.3013,3.3677,1,0.99571,1.2062
3.3479,3.4313,1,1.0015,1.2338
3.3978,3.5008,1,1.008,1.2635
3.451,3.5766,1,1.0153,1.2953
3.5073,3.6588,1,1.0232,1.3294
3.567,3.7478,1,1.0319,1.3658
3.6298,3.8438,1,1.0413,1.4047
3.696,3.9471,1,1.0514,1.4462
3.7654,4.0579,1,1.0621,1.4904
3.8381,4.1768,1,1.0735,1.5374
3.9142,4.3039,1,1.0856,1.5874
3.9937,4.4398,1,1.0983,1.6405
4.0765,4.5847,1,1.1116,1.6968
4.1628,4.739,1,1.1256,1.7566
4.2526,4.9033,1,1.1402,1.82
4.346,5.0779,1,1.1554,1.8871
4.4429,5.2634,1,1.1712,1.9582
3,3,1,1,1
3.0019,3.0019,1,1.0312,0.97077
3.0077,3.0077,1,1.0645,0.94348
3.0174,3.0173,1,1.1,0.91806
3.0311,3.0307,1,1.1376,0.89448
3.0487,3.048,1,1.1776,0.87267
3.0704,3.0691,1,1.2199,0.8526
3.0962,3.0941,1,1.2647,0.8342
3.1261,3.123,1,1.3121,0.81745
3.1603,3.1558,1,1.3621,0.80231
3.1988,3.1926,1,1.4149,0.78874
3.2418,3.2335,1,1.4705,0.77671
3.2893,3.2785,1,1.5292,0.7662
3.3414,3.3276,1,1.5909,0.75717
3.3982,3.3809,1,1.6559,0.74962
3.46,3.4386,1,1.7243,0.7435
3.5268,3.5007,1,1.7962,0.73883
3.5987,3.5673,1,1.8718,0.73556
3.676,3.6385,1,1.9511,0.73371
3.7588,3.7145,1,2.0345,0.73325
3.8473,3.7953,1,2.1221,0.73419
3.9417,3.881,1,2.2139,0.73652
4.0422,3.972,1,2.3103,0.74024
4.149,4.0681,1,2.4115,0.74536
4.2623,4.1698,1,2.5176,0.75187
4.3824,4.277,1,2.6288,0.75979
4.5095,4.3901,1,2.7455,0.76912
4.644,4.5091,1,2.8677,0.77989
4.7861,4.6343,1,2.9959,0.79211
4.936,4.7659,1,3.1302,0.80579
3,3,1,1,1
3.0019,3.0019,1,1.0326,0.96938
3.0078,3.0076,1,1.0672,0.94064
3.0177,3.0171,1,1.104,0.9137
3.0316,3.0302,1,1.143,0.88851
3.0497,3.047,1,1.1844,0.86498
3.0721,3.0674,1,1.2281,0.84305
3.0989,3.0914,1,1.2745,0.82266
3.1302,3.1189,1,1.3235,0.80376
3.1661,3.15,1,1.3752,0.78629
3.2068,3.1847,1,1.4299,0.7702
3.2524,3.2229,1,1.4877,0.75544
3.3031,3.2646,1,1.5486,0.74196
3.3591,3.3099,1,1.6129,0.72973
3.4205,3.3587,1,1.6807,0.7187
3.4875,3.4112,1,1.7522,0.70884
3.5603,3.4672,1,1.8275,0.70012
3.6391,3.527,1,1.9068,0.69249
3.7243,3.5904,1,1.9904,0.68593
3.8159,3.6575,1,2.0784,0.68042
3.9144,3.7284,1,2.1711,0.67593
4.0198,3.8032,1,2.2686,0.67242
4.1327,3.8819,1,2.3712,0.6699
4.2531,3.9645,1,2.4791,0.66832
4.3816,4.0512,1,2.5927,0.66768
4.5183,4.1421,1,2.7122,0.66796
4.6637,4.2371,1,2.8378,0.66914
4.8182,4.3364,1,2.9699,0.67122
4.9821,4.4401,1,3.1088,0.67418
5.1559,4.5484,1,3.2548,0.67802
3,3,1,1,1
3.0019,3.0019,1,0.99668,1.004
3.0077,3.0077,1,0.99401,1.0086
3.0174,3.0173,1,0.99201,1.0139
3.0311,3.0307,1,0.99067,1.0199
3.0487,3.048,1,0.98999,1.0266
3.0703,3.0692,1,0.98998,1.0339
3.0961,3.0942,1,0.99065,1.042
3.126,3.1231,1,0.992,1.0507
3.1601,3.1561,1,0.99403,1.0602
3.1985,3.193,1,0.99676,1.0704
3.2413,3.234,1,1.0002,1.0813
3.2887,3.2791,1,1.0044,1.093
3.3406,3.3283,1,1.0093,1.1054
3.3973,3.3819,1,1.0149,1.1187
3.4588,3.4398,1,1.0213,1.1327
3.5253,3.5021,1,1.0285,1.1476
3.597,3.569,1,1.0365,1.1634
3.6739,3.6406,1,1.0453,1.18
3.7564,3.7169,1,1.055,1.1975
3.8444,3.7981,1,1.0655,1.216
3.9383,3.8844,1,1.077,1.2354
4.0383,3.9758,1,1.0893,1.2558
4.1445,4.0726,1,1.1027,1.2772
4.2571,4.1749,1,1.117,1.2997
4.3765,4.2828,1,1.1323,1.3232
4.5029,4.3967,1,1.1486,1.348
4.6365,4.5165,1,1.1661,1.3738
4.7776,4.6427,1,1.1847,1.4009
4.9266,4.7753,1,1.2045,1.4293
3,3,1,1,1
3.0019,3.0019,1,1.0114,0.98959
3.0076,3.0078,1,1.0238,0.98017
3.0171,3.0176,1,1.0372,0.97175
3.0302,3.0316,1,1.0516,0.96432
3.047,3.0497,1,1.067,0.9579
3.0674,3.072,1,1.0834,0.9525
3.0915,3.0988,1,1.1008,0.94812
3.1191,3.13,1,1.1192,0.94477
3.1503,3.1659,1,1.1387,0.94247
3.185,3.2065,1,1.1593,0.94124
3.2233,3.252,1,1.1809,0.94109
3.2652,3.3026,1,1.2036,0.94203
3.3106,3.3584,1,1.2274,0.94411
3.3596,3.4195,1,1.2524,0.94733
3.4123,3.4863,1,1.2785,0.95172
3.4686,3.5589,1,1.3057,0.95731
3.5286,3.6375,1,1.3342,0.96414
3.5924,3.7223,1,1.3639,0.97223
3.6599,3.8136,1,1.3948,0.98163
3.7312,3.9116,1,1.4271,0.99236
3.8064,4.0166,1,1.4606,1.0045
3.8856,4.1289,1,1.4955,1.018
3.9688,4.2488,1,1.5318,1.033
4.0561,4.3766,1,1.5695,1.0496
4.1476,4.5127,1,1.6086,1.0677
4.2434,4.6573,1,1.6493,1.0875
4.3435,4.811,1,1.6915,1.1089
4.4481,4.974,1,1.7353,1.1322
4.5573,5.1468,1,1.7808,1.1572
3,3,1,1,1
3.0019,3.0019,1,0.99785,1.004
3.0077,3.0077,1,0.99758,1.0099
3.0175,3.0172,1,0.99919,1.0177
3.0312,3.0306,1,1.0027,1.0273
3.049,3.0477,1,1.0081,1.0388
3.0708,3.0687,1,1.0155,1.0522
3.0968,3.0934,1,1.0248,1.0675
3.1271,3.122,1,1.0361,1.0848
3.1617,3.1544,1,1.0494,1.1039
3.2008,3.1907,1,1.0648,1.1251
3.2444,3.2309,1,1.0823,1.1483
3.2926,3.2751,1,1.1019,1.1735
3.3457,3.3233,1,1.1237,1.2008
3.4036,3.3755,1,1.1478,1.2302
3.4667,3.4319,1,1.1741,1.2618
3.5349,3.4926,1,1.2028,1.2956
3.6085,3.5575,1,1.234,1.3316
3.6877,3.6268,1,1.2676,1.37
3.7727,3.7006,1,1.3038,1.4108
3.8636,3.779,1,1.3427,1.454
3.9607,3.8621,1,1.3843,1.4997
4.0641,3.95,1,1.4288,1.548
4.1742,4.0429,1,1.4762,1.599
4.2912,4.1409,1,1.5267,1.6527
4.4154,4.2442,1,1.5803,1.7092
4.5469,4.3528,1,1.6372,1.7687
4.6862,4.467,1,1.6975,1.8312
4.8336,4.587,1,1.7613,1.8968
4.9893,4.7129,1,1.8288,1.9657
3,3,1,1,1
3.0019,3.0019,1,0.99805,1.0038
3.0076,3.0078,1,0.99793,1.0095
3.0172,3.0176,1,0.99963,1.0171
3.0304,3.0314,1,1.0031,1.0266
3.0474,3.0493,1,1.0084,1.038
3.0681,3.0714,1,1.0155,1.0515
3.0925,3.0978,1,1.0244,1.067
3.1206,3.1285,1,1.0351,1.0846
3.1524,3.1637,1,1.0475,1.1044
3.1879,3.2036,1,1.0618,1.1263
3.2272,3.2481,1,1.0779,1.1505
3.2703,3.2975,1,1.0958,1.1771
3.3171,3.3518,1,1.1155,1.206
3.3678,3.4114,1,1.1372,1.2373
3.4224,3.4762,1,1.1607,1.2713
3.4809,3.5466,1,1.1861,1.3078
3.5435,3.6226,1,1.2135,1.3471
3.61,3.7045,1,1.2429,1.3891
3.6808,3.7926,1,1.2743,1.4341
3.7557,3.8869,1,1.3077,1.4821
3.835,3.9879,1,1.3433,1.5333
3.9187,4.0956,1,1.381,1.5877
4.0069,4.2105,1,1.4209,1.6455
4.0997,4.3327,1,1.4631,1.7068
4.1972,4.4627,1,1.5076,1.7718
4.2996,4.6006,1,1.5545,1.8407
4.4069,4.7469,1,1.6039,1.9135
4.5194,4.9018,1,1.6558,1.9904
4.6372,5.0658,1,1.7102,2.0717
3,3,1,1,1
3.0019,3.0019,1,1.0111,0.98983
3.0076,3.0078,1,1.0231,0.98058
3.017,3.0177,1,1.036,0.97228
3.03,3.0318,1,1.0499,0.96493
3.0466,3.0501,1,1.0646,0.95855
3.0667,3.0728,1,1.0802,0.95314
3.0903,3.0999,1,1.0968,0.94873
3.1174,3.1317,1,1.1142,0.94534
3.1478,3.1683,1,1.1326,0.94297
3.1816,3.2099,1,1.1519,0.94166
3.2188,3.2565,1,1.1721,0.94143
3.2593,3.3084,1,1.1932,0.9423
3.3031,3.3658,1,1.2152,0.9443
3.3503,3.4289,1,1.2382,0.94747
3.4007,3.4979,1,1.2622,0.95183
3.4545,3.5731,1,1.2871,0.95742
3.5116,3.6546,1,1.313,0.96427
3.572,3.7427,1,1.3399,0.97244
3.6358,3.8377,1,1.3677,0.98195
3.703,3.94,1,1.3966,0.99285
3.7736,4.0497,1,1.4266,1.0052
3.8476,4.1672,1,1.4576,1.019
3.9251,4.2929,1,1.4897,1.0344
4.0062,4.4271,1,1.5228,1.0514
4.0907,4.5702,1,1.5571,1.0701
4.1789,4.7227,1,1.5926,1.0905
4.2708,4.8848,1,1.6292,1.1127
4.3664,5.0571,1,1.667,1.1368
4.4658,5.24,1,1.706,1.1628
3,3,1,1,1
3.0019,3.0019,1,0.97739,1.024
3.0077,3.0077,1,0.95616,1.0495
3.0172,3.0175,1,0.93625,1.0766
3.0306,3.0312,1,0.91762,1.1052
3.0478,3.0489,1,0.90022,1.1356
3.0688,3.0707,1,0.88401,1.1676
3.0936,3.0966,1,0.86896,1.2015
3.1223,3.1268,1,0.85502,1.2372
3.1549,3.1613,1,0.84216,1.2749
3.1913,3.2001,1,0.83036,1.3146
3.2318,3.2435,1,0.81957,1.3565
3.2762,3.2915,1,0.80978,1.4005
3.3247,3.3442,1,0.80095,1.4469
3.3773,3.4018,1,0.79306,1.4958
3.4342,3.4644,1,0.7861,1.5471
3.4953,3.5322,1,0.78003,1.6011
3.5608,3.6052,1,0.77485,1.6579
3.6307,3.6838,1,0.77053,1.7175
3.7052,3.768,1,0.76706,1.7801
3.7844,3.8581,1,0.76442,1.8459
3.8685,3.9543,1,0.76262,1.915
3.9574,4.0568,1,0.76162,1.9875
4.0514,4.1658,1,0.76143,2.0636
4.1506,4.2815,1,0.76204,2.1434
4.2552,4.4043,1,0.76345,2.2272
4.3653,4.5344,1,0.76564,2.3151
4.4811,4.6721,1,0.76863,2.4073
4.6028,4.8177,1,0.7724,2.504
4.7307,4.9715,1,0.77695,2.6054
3,3,1,1,1
3.0019,3.0019,1,0.99007,1.0106
3.0077,3.0077,1,0.98075,1.0218
3.0175,3.0172,1,0.97204,1.0336
3.0312,3.0306,1,0.96393,1.0461
3.049,3.0477,1,0.95641,1.0593
3.0708,3.0687,1,0.94949,1.0732
3.0968,3.0934,1,0.94315,1.0877
3.1271,3.122,1,0.93739,1.103
3.1617,3.1544,1,0.93222,1.1191
3.2007,3.1907,1,0.92762,1.1359
3.2443,3.231,1,0.92361,1.1534
3.2926,3.2752,1,0.92018,1.1718
3.3456,3.3234,1,0.91733,1.1911
3.4035,3.3757,1,0.91507,1.2111
3.4665,3.4321,1,0.9134,1.2321
3.5347,3.4927,1,0.91233,1.254
3.6083,3.5577,1,0.91187,1.2768
3.6875,3.6271,1,0.91202,1.3005
3.7724,3.7009,1,0.91279,1.3253
3.8632,3.7794,1,0.9142,1.3511
3.9603,3.8625,1,0.91625,1.378
4.0637,3.9505,1,0.91896,1.406
4.1737,4.0435,1,0.92234,1.4352
4.2906,4.1416,1,0.92641,1.4656
4.4147,4.2449,1,0.93118,1.4972
4.5461,4.3536,1,0.93668,1.5301
4.6853,4.4679,1,0.94292,1.5643
4.8326,4.588,1,0.94992,1.5999
4.9882,4.7141,1,0.95771,1.637
3,3,1,1,1
3.0019,3.0019,1,1.0239,0.97768
3.0078,3.0076,1,1.0493,0.95684
3.0176,3.0171,1,1.0764,0.93741
3.0315,3.0303,1,1.1053,0.91934
3.0495,3.0472,1,1.136,0.90258
3.0718,3.0677,1,1.1685,0.88708
3.0983,3.0919,1,1.2031,0.87279
3.1293,3.1198,1,1.2397,0.85967
3.1649,3.1513,1,1.2785,0.84768
3.2051,3.1864,1,1.3195,0.83678
3.2502,3.2251,1,1.3629,0.82693
3.3002,3.2675,1,1.4087,0.8181
3.3553,3.3137,1,1.4572,0.81025
3.4157,3.3635,1,1.5083,0.80336
3.4816,3.417,1,1.5623,0.7974
3.5531,3.4744,1,1.6193,0.79234
3.6305,3.5356,1,1.6793,0.78816
3.714,3.6006,1,1.7426,0.78483
3.8037,3.6697,1,1.8093,0.78234
3.9,3.7427,1,1.8795,0.78065
4.0031,3.8198,1,1.9535,0.77977
4.1133,3.9011,1,2.0314,0.77967
4.2309,3.9866,1,2.1134,0.78033
4.3561,4.0765,1,2.1997,0.78174
4.4892,4.1708,1,2.2904,0.7839
4.6307,4.2697,1,2.3859,0.78679
4.7809,4.3732,1,2.4864,0.7904
4.9402,4.4815,1,2.592,0.79472
5.1088,4.5947,1,2.703,0.79975
3,3,1,1,1
3.0019,3.0019,1,0.99984,1.0015
3.0076,3.0078,1,1.001,1.0043
3.017,3.0177,1,1.0033,1.0085
3.03,3.0318,1,1.007,1.0141
3.0466,3.0501,1,1.0118,1.0212
3.0668,3.0727,1,1.0179,1.0297
3.0904,3.0999,1,1.0251,1.0398
3.1175,3.1316,1,1.0335,1.0515
3.148,3.1682,1,1.0431,1.0648
3.1819,3.2096,1,1.0538,1.0799
3.2191,3.2562,1,1.0656,1.0966
3.2597,3.308,1,1.0786,1.1152
3.3037,3.3653,1,1.0927,1.1356
3.3509,3.4283,1,1.1079,1.158
3.4015,3.4971,1,1.1243,1.1825
3.4555,3.5721,1,1.1418,1.209
3.5128,3.6534,1,1.1604,1.2377
3.5735,3.7413,1,1.1802,1.2687
3.6375,3.836,1,1.2011,1.302
3.705,3.938,1,1.2231,1.3378
3.7759,4.0473,1,1.2464,1.3762
3.8503,4.1645,1,1.2707,1.4173
3.9282,4.2898,1,1.2963,1.4611
4.0097,4.4236,1,1.323,1.5079
4.0947,4.5662,1,1.351,1.5578
4.1835,4.7181,1,1.3802,1.6108
4.2759,4.8796,1,1.4107,1.6672
4.3721,5.0513,1,1.4424,1.7271
4.4722,5.2335,1,1.4754,1.7906
3,3,1,1,1
3.0019,3.0019,1,0.96582,1.0362
3.0076,3.0078,1,0.93354,1.0745
3.017,3.0177,1,0.90309,1.1149
3.0301,3.0317,1,0.87439,1.1577
3.0469,3.0498,1,0.84736,1.2029
3.0672,3.0723,1,0.82192,1.2506
3.091,3.0993,1,0.79801,1.3009
3.1184,3.1307,1,0.77556,1.354
3.1493,3.1669,1,0.75451,1.41
3.1836,3.2079,1,0.7348,1.4691
3.2215,3.2538,1,0.71637,1.5313
3.2628,3.305,1,0.69918,1.5969
3.3075,3.3614,1,0.68317,1.6661
3.3558,3.4234,1,0.66829,1.7389
3.4076,3.4911,1,0.65451,1.8155
3.4628,3.5647,1,0.64177,1.8962
3.5217,3.6445,1,0.63004,1.9812
3.5841,3.7306,1,0.61928,2.0707
3.65,3.8234,1,0.60946,2.1648
3.7197,3.9232,1,0.60053,2.2638
3.793,4.0301,1,0.59248,2.368
3.8701,4.1446,1,0.58526,2.4777
3.9509,4.2668,1,0.57886,2.593
4.0357,4.3973,1,0.57324,2.7143
4.1243,4.5362,1,0.56838,2.8418
4.217,4.684,1,0.56426,2.9759
4.3138,4.8411,1,0.56085,3.117
4.4147,5.0079,1,0.55814,3.2653
4.5199,5.1849,1,0.55611,3.4212
3,3,1,1,1
3.0019,3.0019,1,0.96767,1.0341
3.0077,3.0077,1,0.93706,1.0701
3.0174,3.0173,1,0.90813,1.108
3.031,3.0308,1,0.88082,1.1478
3.0486,3.0481,1,0.85509,1.1898
3.0702,3.0693,1,0.83088,1.2338
3.0958,3.0945,1,0.80815,1.2801
3.1255,3.1236,1,0.78686,1.3287
3.1595,3.1567,1,0.76698,1.3796
3.1977,3.1938,1,0.74846,1.433
3.2402,3.2351,1,0.73128,1.489
3.2872,3.2805,1,0.71541,1.5477
3.3388,3.3302,1,0.70081,1.6092
3.395,3.3842,1,0.68747,1.6736
3.4559,3.4426,1,0.67535,1.7409
3.5218,3.5056,1,0.66445,1.8115
3.5928,3.5732,1,0.65473,1.8852
3.6689,3.6456,1,0.64618,1.9624
3.7505,3.7228,1,0.6388,2.0432
3.8375,3.8051,1,0.63256,2.1276
3.9303,3.8925,1,0.62747,2.2159
4.0289,3.9852,1,0.6235,2.3082
4.1337,4.0834,1,0.62066,2.4046
4.2448,4.1872,1,0.61894,2.5055
4.3625,4.2969,1,0.61834,2.6108
4.487,4.4125,1,0.61886,2.7209
4.6185,4.5345,1,0.62051,2.836
4.7574,4.6628,1,0.62329,2.9561
4.9039,4.7979,1,0.62721,3.0817
3,3,1,1,1
3.0019,3.0019,1,1.0066,0.99438
3.0078,3.0076,1,1.0142,0.9897
3.0177,3.017,1,1.0228,0.98591
3.0317,3.0301,1,1.0326,0.98299
3.05,3.0467,1,1.0435,0.98091
3.0726,3.0669,1,1.0555,0.97963
3.0996,3.0906,1,1.0689,0.97913
3.1313,3.1178,1,1.0835,0.97939
3.1676,3.1485,1,1.0994,0.98037
3.2089,3.1826,1,1.1168,0.98205
3.2552,3.22,1,1.1356,0.98441
3.3068,3.2609,1,1.1559,0.98744
3.3638,3.3052,1,1.1779,0.9911
3.4263,3.3529,1,1.2015,0.99539
3.4947,3.404,1,1.2269,1.0003
3.5691,3.4584,1,1.2541,1.0058
3.6498,3.5163,1,1.2832,1.0118
3.737,3.5777,1,1.3144,1.0184
3.831,3.6425,1,1.3476,1.0256
3.932,3.7109,1,1.3831,1.0333
4.0405,3.7828,1,1.4208,1.0415
4.1565,3.8582,1,1.4609,1.0502
4.2806,3.9373,1,1.5036,1.0594
4.413,4.0201,1,1.5489,1.0691
4.5542,4.1066,1,1.597,1.0793
4.7044,4.1969,1,1.648,1.0899
4.8642,4.2911,1,1.702,1.101
5.0339,4.3892,1,1.7593,1.1126
5.214,4.4913,1,1.8199,1.1246
3,3,1,1,1
3.0019,3.0019,1,1.0259,0.97598
3.0078,3.0076,1,1.0538,0.95377
3.0177,3.0171,1,1.0837,0.93331
3.0316,3.0302,1,1.1157,0.91454
3.0498,3.0469,1,1.1499,0.8974
3.0722,3.0673,1,1.1864,0.88183
3.099,3.0912,1,1.2253,0.8678
3.1304,3.1187,1,1.2667,0.85525
3.1664,3.1497,1,1.3106,0.84414
3.2072,3.1842,1,1.3573,0.83442
3.253,3.2223,1,1.4069,0.82606
3.3039,3.2639,1,1.4594,0.81903
3.36,3.309,1,1.515,0.81328
3.4216,3.3576,1,1.5738,0.80881
3.4889,3.4098,1,1.636,0.80556
3.562,3.4655,1,1.7017,0.80353
3.6412,3.5249,1,1.7712,0.80269
3.7268,3.5879,1,1.8445,0.80301
3.8189,3.6546,1,1.9219,0.80449
3.9179,3.725,1,2.0035,0.80711
4.0239,3.7992,1,2.0896,0.81085
4.1374,3.8772,1,2.1803,0.8157
4.2585,3.9592,1,2.276,0.82165
4.3878,4.0451,1,2.3767,0.8287
4.5254,4.135,1,2.4828,0.83684
4.6717,4.2291,1,2.5946,0.84607
4.8273,4.3275,1,2.7122,0.85638
4.9923,4.4301,1,2.8361,0.86778
5.1674,4.5371,1,2.9664,0.88027
3,3,1,1,1
3.0019,3.0019,1,1.0039,0.99648
3.0077,3.0077,1,1.0082,0.99333
3.0174,3.0173,1,1.013,0.99055
3.0311,3.0307,1,1.0181,0.98812
3.0488,3.0479,1,1.0238,0.98604
3.0705,3.069,1,1.0298,0.98428
3.0963,3.094,1,1.0364,0.98284
3.1262,3.1229,1,1.0435,0.98172
3.1605,3.1557,1,1.0511,0.9809
3.199,3.1924,1,1.0593,0.98038
3.2421,3.2332,1,1.068,0.98014
3.2896,3.2781,1,1.0773,0.98018
3.3418,3.3271,1,1.0873,0.9805
3.3988,3.3804,1,1.0979,0.98109
3.4607,3.4379,1,1.1091,0.98194
3.5276,3.4998,1,1.1211,0.98305
3.5998,3.5663,1,1.1338,0.98441
3.6773,3.6373,1,1.1472,0.98603
3.7603,3.713,1,1.1615,0.98789
3.8491,3.7935,1,1.1766,0.99
3.9437,3.879,1,1.1926,0.99235
4.0445,3.9696,1,1.2094,0.99494
4.1517,4.0655,1,1.2273,0.99777
4.2654,4.1667,1,1.2461,1.0008
4.3859,4.2735,1,1.2659,1.0041
4.5135,4.3861,1,1.2868,1.0077
4.6485,4.5046,1,1.3089,1.0115
4.7911,4.6292,1,1.3321,1.0155
4.9417,4.7602,1,1.3566,1.0197
3,3,1,1,1
3.0019,3.0019,1,0.99172,1.0093
3.0078,3.0076,1,0.98453,1.0198
3.0177,3.017,1,0.97844,1.0312
3.0318,3.03,1,0.97346,1.0437
3.0501,3.0466,1,0.96962,1.0573
3.0728,3.0667,1,0.96692,1.0719
3.1,3.0903,1,0.9654,1.0875
3.1318,3.1173,1,0.96508,1.1042
3.1684,3.1477,1,0.96598,1.1219
3.21,3.1815,1,0.96813,1.1406
3.2567,3.2186,1,0.97157,1.1604
3.3086,3.2591,1,0.97632,1.1813
3.3661,3.3029,1,0.98243,1.2032
3.4293,3.3499,1,0.98993,1.2261
3.4984,3.4003,1,0.99887,1.2502
3.5736,3.454,1,1.0093,1.2753
3.6552,3.511,1,1.0212,1.3016
3.7434,3.5713,1,1.0348,1.3289
3.8386,3.635,1,1.0499,1.3574
3.941,3.702,1,1.0668,1.3871
4.0509,3.7724,1,1.0854,1.4179
4.1686,3.8463,1,1.1058,1.4499
4.2945,3.9236,1,1.1282,1.4831
4.4289,4.0044,1,1.1525,1.5175
4.5723,4.0887,1,1.1788,1.5532
4.725,4.1766,1,1.2073,1.5902
4.8874,4.2682,1,1.238,1.6285
5.0601,4.3635,1,1.271,1.6681
5.2434,4.4625,1,1.3064,1.7091
3,3,1,1,1
3.0019,3.0019,1,1.0224,0.97954
3.0078,3.0076,1,1.0467,0.96092
3.0176,3.0172,1,1.073,0.94408
3.0314,3.0304,1,1.1014,0.929
3.0493,3.0474,1,1.132,0.91561
3.0714,3.0681,1,1.1648,0.90388
3.0978,3.0925,1,1.1999,0.89377
3.1285,3.1206,1,1.2374,0.88526
3.1637,3.1524,1,1.2774,0.87831
3.2035,3.188,1,1.32,0.87289
3.248,3.2273,1,1.3652,0.86898
3.2973,3.2704,1,1.4133,0.86656
3.3517,3.3173,1,1.4643,0.86561
3.4112,3.368,1,1.5183,0.86611
3.476,3.4226,1,1.5754,0.86806
3.5463,3.4812,1,1.6358,0.87145
3.6223,3.5438,1,1.6997,0.87626
3.7041,3.6104,1,1.7672,0.8825
3.7921,3.6812,1,1.8383,0.89015
3.8864,3.7563,1,1.9134,0.89923
3.9872,3.8356,1,1.9926,0.90974
4.0949,3.9194,1,2.076,0.92168
4.2097,4.0077,1,2.1638,0.93507
4.3318,4.1006,1,2.2563,0.94991
4.4616,4.1983,1,2.3537,0.96621
4.5993,4.3008,1,2.4561,0.98401
4.7455,4.4083,1,2.5639,1.0033
4.9002,4.521,1,2.6772,1.0241
5.0641,4.6389,1,2.7963,1.0465
3,3,1,1,1
3.0019,3.0019,1,0.96735,1.0347
3.0077,3.0077,1,0.93663,1.0714
3.0173,3.0175,1,0.90779,1.1103
3.0307,3.0311,1,0.88076,1.1515
3.0479,3.0488,1,0.85549,1.195
3.069,3.0705,1,0.83192,1.2409
3.094,3.0963,1,0.81,1.2893
3.1229,3.1263,1,0.78968,1.3403
3.1556,3.1605,1,0.77092,1.3941
3.1924,3.1991,1,0.75368,1.4507
3.2332,3.2421,1,0.73791,1.5102
3.278,3.2897,1,0.72359,1.5729
3.327,3.3419,1,0.71067,1.6387
3.3803,3.3989,1,0.69914,1.708
3.4378,3.4608,1,0.68896,1.7807
3.4997,3.5278,1,0.68011,1.857
3.5661,3.6,1,0.67257,1.9371
3.637,3.6775,1,0.66632,2.0213
3.7127,3.7606,1,0.66135,2.1095
3.7932,3.8494,1,0.65763,2.2021
3.8787,3.9441,1,0.65515,2.2993
3.9692,4.0449,1,0.65392,2.4011
4.065,4.1521,1,0.65392,2.5079
4.1661,4.2659,1,0.65515,2.6199
4.2729,4.3865,1,0.6576,2.7372
4.3854,4.5142,1,0.66127,2.8602
4.5038,4.6493,1,0.66618,2.989
4.6283,4.792,1,0.67232,3.124
4.7592,4.9427,1,0.6797,3.2655
3,3,1,1,1
3.0019,3.0019,1,0.99892,1.0019
3.0078,3.0076,1,0.9987,1.0046
3.0177,3.017,1,0.99936,1.0082
3.0318,3.03,1,1.0009,1.0124
3.0501,3.0466,1,1.0035,1.0175
3.0727,3.0667,1,1.007,1.0232
3.0999,3.0904,1,1.0115,1.0297
3.1317,3.1174,1,1.0171,1.0369
3.1683,3.1479,1,1.0237,1.0447
3.2098,3.1817,1,1.0315,1.0532
3.2564,3.2189,1,1.0405,1.0624
3.3083,3.2594,1,1.0507,1.0722
3.3657,3.3033,1,1.0621,1.0827
3.4287,3.3505,1,1.0749,1.0938
3.4976,3.401,1,1.0891,1.1055
3.5727,3.4549,1,1.1046,1.1178
3.6541,3.512,1,1.1217,1.1306
3.7422,3.5726,1,1.1403,1.1441
3.8371,3.6364,1,1.1606,1.1582
3.9392,3.7037,1,1.1825,1.1729
4.0488,3.7744,1,1.2062,1.1881
4.1663,3.8486,1,1.2318,1.2039
4.2918,3.9262,1,1.2593,1.2203
4.4259,4.0074,1,1.2887,1.2373
4.5688,4.0922,1,1.3204,1.2548
4.721,4.1806,1,1.3542,1.2729
4.8829,4.2726,1,1.3903,1.2916
5.055,4.3685,1,1.4288,1.3109
5.2377,4.4681,1,1.4699,1.3307
3,3,1,1,1
3.0019,3.0019,1,1.0354,0.96613
3.0077,3.0077,1,1.0725,0.93374
3.0174,3.0173,1,1.1112,0.90277
3.0309,3.0309,1,1.1517,0.87316
3.0484,3.0483,1,1.194,0.84485
3.0699,3.0696,1,1.2383,0.81778
3.0954,3.0949,1,1.2846,0.79189
3.1249,3.1242,1,1.333,0.76715
3.1586,3.1575,1,1.3836,0.74349
3.1965,3.195,1,1.4365,0.72088
3.2387,3.2366,1,1.4918,0.69927
3.2852,3.2825,1,1.5496,0.67861
3.3362,3.3328,1,1.6101,0.65886
3.3917,3.3874,1,1.6733,0.63999
3.4519,3.4466,1,1.7394,0.62196
3.517,3.5105,1,1.8085,0.60473
3.5869,3.5791,1,1.8807,0.58827
3.6619,3.6526,1,1.9562,0.57254
3.7421,3.7311,1,2.0351,0.55752
3.8277,3.8148,1,2.1177,0.54317
3.9189,3.9038,1,2.2039,0.52947
4.0158,3.9983,1,2.2941,0.51639
4.1186,4.0985,1,2.3884,0.5039
4.2275,4.2045,1,2.4869,0.49197
4.3428,4.3166,1,2.59,0.4806
4.4646,4.4349,1,2.6977,0.46974
4.5932,4.5597,1,2.8102,0.45938
4.7289,4.6912,1,2.9279,0.44951
4.872,4.8297,1,3.051,0.44009
3,3,1,1,1
3.0019,3.0019,1,1.0331,0.96826
3.0076,3.0078,1,1.0675,0.93783
3.0171,3.0177,1,1.1034,0.90866
3.0302,3.0316,1,1.1408,0.88071
3.0469,3.0498,1,1.1796,0.85397
3.0673,3.0722,1,1.2201,0.82838
3.0912,3.099,1,1.2621,0.80393
3.1187,3.1304,1,1.3058,0.78059
3.1497,3.1664,1,1.3513,0.75832
3.1843,3.2072,1,1.3985,0.73711
3.2223,3.253,1,1.4475,0.71692
3.2639,3.3039,1,1.4985,0.69774
3.309,3.36,1,1.5514,0.67955
3.3576,3.4216,1,1.6064,0.66232
3.4098,3.4889,1,1.6634,0.64603
3.4655,3.562,1,1.7227,0.63068
3.5249,3.6412,1,1.7842,0.61625
3.5879,3.7268,1,1.848,0.60271
3.6546,3.8189,1,1.9142,0.59007
3.725,3.9178,1,1.983,0.5783
3.7992,4.0239,1,2.0543,0.5674
3.8772,4.1374,1,2.1283,0.55737
3.9592,4.2585,1,2.2051,0.54819
4.0451,4.3877,1,2.2847,0.53986
4.1351,4.5254,1,2.3674,0.53237
4.2292,4.6717,1,2.4531,0.52573
4.3275,4.8272,1,2.542,0.51993
4.4301,4.9923,1,2.6342,0.51498
4.5371,5.1673,1,2.7298,0.51087
3,3,1,1,1
3.0019,3.0019,1,0.96961,1.0322
3.0077,3.0077,1,0.94093,1.0661
3.0174,3.0174,1,0.91389,1.102
3.0309,3.0309,1,0.88846,1.1398
3.0484,3.0483,1,0.86458,1.1797
3.0698,3.0697,1,0.8422,1.2217
3.0952,3.0951,1,0.82128,1.2658
3.1246,3.1245,1,0.80179,1.3123
3.1582,3.1579,1,0.78368,1.3611
3.1959,3.1956,1,0.76692,1.4123
3.2379,3.2374,1,0.75148,1.4661
3.2842,3.2835,1,0.73733,1.5226
3.3349,3.3341,1,0.72444,1.5818
3.3901,3.3891,1,0.71279,1.6439
3.4499,3.4487,1,0.70235,1.709
3.5145,3.513,1,0.69311,1.7773
3.5839,3.5821,1,0.68505,1.8488
3.6584,3.6562,1,0.67815,1.9236
3.7379,3.7353,1,0.6724,2.0021
3.8228,3.8197,1,0.66779,2.0842
3.9131,3.9096,1,0.6643,2.1701
4.0091,4.005,1,0.66194,2.26
4.1109,4.1061,1,0.6607,2.3542
4.2187,4.2133,1,0.66058,2.4527
4.3328,4.3266,1,0.66157,2.5557
4.4533,4.4462,1,0.66369,2.6635
4.5804,4.5725,1,0.66692,2.7762
4.7146,4.7056,1,0.67129,2.8941
4.8559,4.8458,1,0.67679,3.0174
3,3,1,1,1
3.0019,3.0019,1,0.99303,1.008
3.0077,3.0077,1,0.98705,1.0169
3.0175,3.0172,1,0.98205,1.0269
3.0312,3.0306,1,0.97803,1.0378
3.0489,3.0478,1,0.97499,1.0498
3.0707,3.0688,1,0.97293,1.0628
3.0967,3.0936,1,0.97186,1.0769
3.1269,3.1222,1,0.97179,1.0921
3.1614,3.1548,1,0.97272,1.1083
3.2003,3.1912,1,0.97467,1.1257
3.2437,3.2316,1,0.97764,1.1441
3.2918,3.2759,1,0.98166,1.1638
3.3446,3.3243,1,0.98673,1.1846
3.4023,3.3769,1,0.99288,1.2067
3.465,3.4336,1,1.0001,1.23
3.5329,3.4946,1,1.0085,1.2546
3.6061,3.5599,1,1.018,1.2805
3.6848,3.6297,1,1.0287,1.3078
3.7692,3.7041,1,1.0406,1.3364
3.8595,3.7831,1,1.0537,1.3665
3.9559,3.8668,1,1.0681,1.3981
4.0587,3.9555,1,1.0838,1.4313
4.1679,4.0492,1,1.1008,1.466
4.284,4.1481,1,1.1193,1.5024
4.4071,4.2524,1,1.1391,1.5404
4.5376,4.3621,1,1.1605,1.5802
4.6757,4.4775,1,1.1834,1.6219
4.8217,4.5988,1,1.2078,1.6654
4.976,4.7261,1,1.234,1.7109
3,3,1,1,1
3.0019,3.0019,1,1.0264,0.97519
3.0077,3.0077,1,1.0546,0.95197
3.0174,3.0174,1,1.0844,0.93029
3.0309,3.0309,1,1.1161,0.91011
3.0484,3.0483,1,1.1496,0.89139
3.0698,3.0697,1,1.185,0.8741
3.0951,3.0951,1,1.2225,0.85819
3.1246,3.1245,1,1.262,0.84365
3.1581,3.1581,1,1.3036,0.83044
3.1958,3.1957,1,1.3474,0.81853
3.2377,3.2376,1,1.3936,0.80791
3.2839,3.2838,1,1.4421,0.79855
3.3345,3.3344,1,1.4932,0.79044
3.3896,3.3895,1,1.5468,0.78356
3.4494,3.4492,1,1.6031,0.77789
3.5138,3.5137,1,1.6622,0.77343
3.5831,3.5829,1,1.7242,0.77016
3.6574,3.6572,1,1.7893,0.76809
3.7368,3.7365,1,1.8574,0.7672
3.8214,3.8211,1,1.9289,0.7675
3.9115,3.9112,1,2.0038,0.76898
4.0072,4.0068,1,2.0823,0.77165
4.1088,4.1083,1,2.1645,0.77551
4.2163,4.2157,1,2.2506,0.78057
4.33,4.3294,1,2.3407,0.78685
4.4501,4.4494,1,2.435,0.79434
4.5769,4.5761,1,2.5338,0.80307
4.7105,4.7097,1,2.6371,0.81306
4.8513,4.8504,1,2.7452,0.82432
3,3,1,1,1
3.0019,3.0019,1,1.021,0.98038
3.0076,3.0078,1,1.0433,0.96211
3.0171,3.0176,1,1.0671,0.94517
3.0303,3.0315,1,1.0923,0.92953
3.0472,3.0495,1,1.119,0.9152
3.0677,3.0718,1,1.1471,0.90215
3.0919,3.0984,1,1.1768,0.89038
3.1197,3.1294,1,1.2081,0.87989
3.1512,3.165,1,1.2409,0.87067
3.1862,3.2053,1,1.2754,0.86272
3.2249,3.2504,1,1.3116,0.85604
3.2673,3.3004,1,1.3495,0.85063
3.3133,3.3556,1,1.3891,0.84651
3.3631,3.4161,1,1.4306,0.84367
3.4165,3.4821,1,1.474,0.84213
3.4738,3.5537,1,1.5193,0.8419
3.5348,3.6312,1,1.5666,0.84299
3.5998,3.7148,1,1.616,0.84543
3.6686,3.8048,1,1.6675,0.84923
3.7415,3.9012,1,1.7212,0.85442
3.8184,4.0046,1,1.7771,0.86103
3.8995,4.115,1,1.8354,0.86907
3.9848,4.2327,1,1.8961,0.87859
4.0744,4.3582,1,1.9593,0.88962
4.1684,4.4917,1,2.0251,0.90219
4.2669,4.6335,1,2.0935,0.91636
4.3701,4.7841,1,2.1648,0.93215
4.478,4.9437,1,2.2389,0.94963
4.5908,5.1128,1,2.3159,0.96883
3,3,1,1,1
3.0019,3.0019,1,0.9991,1.0019
3.0076,3.0078,1,0.99917,1.0049
3.017,3.0178,1,1.0002,1.0089
3.0299,3.0319,1,1.0021,1.0141
3.0465,3.0502,1,1.005,1.0204
3.0665,3.073,1,1.0087,1.0279
3.09,3.1003,1,1.0133,1.0366
3.1168,3.1323,1,1.0186,1.0467
3.147,3.1691,1,1.0248,1.0581
3.1806,3.2109,1,1.0318,1.0709
3.2174,3.2579,1,1.0396,1.0851
3.2574,3.3103,1,1.0481,1.1009
3.3008,3.3682,1,1.0573,1.1182
3.3473,3.4319,1,1.0673,1.1372
3.3971,3.5016,1,1.078,1.1579
3.45,3.5776,1,1.0894,1.1804
3.5062,3.66,1,1.1014,1.2047
3.5656,3.7492,1,1.1142,1.231
3.6282,3.8454,1,1.1276,1.2593
3.6941,3.9489,1,1.1417,1.2898
3.7632,4.0601,1,1.1565,1.3224
3.8356,4.1793,1,1.1719,1.3574
3.9113,4.3069,1,1.1879,1.3949
3.9904,4.4431,1,1.2046,1.4348
4.0728,4.5885,1,1.222,1.4775
4.1586,4.7434,1,1.2399,1.5229
4.2478,4.9082,1,1.2586,1.5713
4.3406,5.0835,1,1.2778,1.6227
4.4369,5.2696,1,1.2977,1.6773
3,3,1,1,1
3.0019,3.0019,1,0.97739,1.024
3.0077,3.0077,1,0.95608,1.0493
3.0173,3.0175,1,0.93601,1.0762
3.0306,3.0312,1,0.91716,1.1045
3.0478,3.0489,1,0.89946,1.1345
3.0689,3.0706,1,0.88288,1.1661
3.0937,3.0965,1,0.86739,1.1994
3.1224,3.1267,1,0.85293,1.2345
3.1551,3.1611,1,0.83949,1.2715
3.1916,3.1999,1,0.82702,1.3104
3.2321,3.2432,1,0.81549,1.3514
3.2767,3.291,1,0.80488,1.3946
3.3253,3.3437,1,0.79516,1.4399
3.3781,3.4011,1,0.7863,1.4876
3.4351,3.4635,1,0.77828,1.5377
3.4964,3.5311,1,0.77108,1.5903
3.5621,3.6039,1,0.76468,1.6456
3.6323,3.6822,1,0.75906,1.7037
3.7071,3.7662,1,0.7542,1.7647
3.7866,3.856,1,0.75008,1.8287
3.871,3.9518,1,0.7467,1.8958
3.9603,4.0539,1,0.74404,1.9663
4.0547,4.1624,1,0.74209,2.0402
4.1544,4.2777,1,0.74084,2.1178
4.2595,4.3999,1,0.74027,2.1991
4.3702,4.5294,1,0.74039,2.2844
4.4867,4.6665,1,0.74119,2.3739
4.6091,4.8113,1,0.74267,2.4677
4.7377,4.9644,1,0.74481,2.566
3,3,1,1,1
3.0019,3.0019,1,0.9974,1.0045
3.0077,3.0078,1,0.99669,1.0109
3.0172,3.0175,1,0.99783,1.0193
3.0305,3.0313,1,1.0008,1.0296
3.0475,3.0492,1,1.0057,1.0419
3.0683,3.0712,1,1.0123,1.0563
3.0928,3.0975,1,1.0208,1.0728
3.121,3.1281,1,1.0312,1.0914
3.153,3.1632,1,1.0434,1.1122
3.1887,3.2027,1,1.0574,1.1352
3.2283,3.247,1,1.0733,1.1605
3.2717,3.296,1,1.0911,1.1882
3.3189,3.35,1,1.1108,1.2184
3.3701,3.4091,1,1.1325,1.251
3.4252,3.4734,1,1.156,1.2863
3.4843,3.5431,1,1.1816,1.3242
3.5476,3.6185,1,1.2092,1.3648
3.615,3.6996,1,1.2388,1.4084
3.6866,3.7867,1,1.2705,1.4549
3.7626,3.8801,1,1.3043,1.5045
3.843,3.9799,1,1.3404,1.5572
3.9279,4.0864,1,1.3786,1.6133
4.0175,4.1998,1,1.4192,1.6728
4.1118,4.3205,1,1.4621,1.736
4.211,4.4487,1,1.5074,1.8028
4.3152,4.5848,1,1.5551,1.8735
4.4246,4.729,1,1.6055,1.9483
4.5393,4.8817,1,1.6584,2.0272
4.6594,5.0433,1,1.7141,2.1106
3,3,1,1,1
3.0019,3.0019,1,0.99345,1.0085
3.0077,3.0077,1,0.98881,1.0189
3.0174,3.0173,1,0.98607,1.0312
3.031,3.0308,1,0.98522,1.0455
3.0485,3.0482,1,0.98627,1.0618
3.07,3.0695,1,0.98922,1.0802
3.0955,3.0948,1,0.99408,1.1005
3.1251,3.124,1,1.0009,1.123
3.1589,3.1573,1,1.0096,1.1476
3.1968,3.1946,1,1.0202,1.1744
3.2391,3.2362,1,1.0329,1.2035
3.2858,3.2819,1,1.0475,1.2348
3.3369,3.332,1,1.0642,1.2684
3.3926,3.3865,1,1.083,1.3045
3.4531,3.4455,1,1.1038,1.343
3.5184,3.5091,1,1.1268,1.3841
3.5886,3.5774,1,1.152,1.4277
3.6639,3.6506,1,1.1795,1.4741
3.7445,3.7288,1,1.2092,1.5233
3.8305,3.812,1,1.2413,1.5753
3.9221,3.9006,1,1.2759,1.6303
4.0195,3.9946,1,1.3129,1.6884
4.1229,4.0942,1,1.3525,1.7497
4.2324,4.1996,1,1.3948,1.8142
4.3484,4.311,1,1.4398,1.8822
4.471,4.4285,1,1.4876,1.9537
4.6004,4.5525,1,1.5383,2.0289
4.7371,4.6831,1,1.5921,2.1079
4.8811,4.8207,1,1.649,2.1909
