0
1.7432e-05
6.9766e-05
0.00015706
0.00027938
0.00043677
0.00062931
0.00085704
0.00112
0.0014184
0.0017521
0.0021212
0.0025259
0.0029661
0.0034419
0.0039535
0.0045008
0.0050839
0.0057029
0.0063579
0.0070489
0.007776
0.0085392
0.0093386
0.010174
0.011046
0.011955
0.0129
0.013881
0.0149
0
1.7412e-05
6.961e-05
0.00015654
0.00027813
0.00043434
0.00062511
0.00085038
0.0011101
0.0014042
0.0017326
0.0020953
0.0024923
0.0029234
0.0033886
0.0038879
0.0044211
0.0049884
0.0055895
0.0062245
0.0068933
0.0075958
0.0083321
0.0091019
0.0099054
0.010742
0.011613
0.012517
0.013454
0.014425
